4 5 6 7	2 4 5 6 7 7	4 5 6 7 7 3
4 5 8 9 10 11 7	2 8 5 9 7 7 10 11 12	8 5 9 7 7 10 11 12 3
4 12 9 13 14 9 15 16 9 17 18 7	2 13 5 14 7 15 16 17 18	13 5 14 7 15 16 17 18 3
4 5 19 20 21 22 23 7	2 4 5 6 7 7 19 11 15	4 5 6 7 7 19 11 15 3
4 12 9 24 25 9 26 27 14 9 28 7	2 13 5 14 7 11 16 20 18	13 5 14 7 11 16 20 18 3
4 12 9 29 16 9 30 14 9 15 7	2 21 5 14 7 22	21 5 14 7 22 3
4 5 6 20 31 23 7	2 4 5 6 7 7 19 11 12	4 5 6 7 7 19 11 12 3
4 32 5 14 9 30 33 34 14 9 15 7	2 8 7 9 11 11 10 20 12 23 24 17 14 15 15 25 26 18	8 7 9 11 11 10 20 12 23 24 17 14 15 15 25 26 18 3
4 32 35 36 25 9 11 37 38 39 14 7	2 27 7 16 11 15 23 8 26 10 22 22 9 18 18	27 7 16 11 15 23 8 26 10 22 22 9 18 18 3
4 35 40 7	2 27 5 6 7 7	27 5 6 7 7 3
4 35 16 9 30 37 38 39 8 32 7	2 27 5 16 7 20 23 8 15 10 17 17 9 26 26	27 5 16 7 20 23 8 15 10 17 17 9 26 26 3
4 32 5 6 20 41 23 42 7	2 4 7 6 11 11 19 20 15 28 17 17	4 7 6 11 11 19 20 15 28 17 17 3
4 43 44 9 45 34 46 7	2 29 5 30 11 20 31 12 15	29 5 30 11 20 31 12 15 3
4 35 25 9 47 15 12 9 48 37 49 50 25 9 51 15 7	2 27 5 16 7 12 23 21 15 14 17 26 23 13 18 14 32 32 16 33 34	27 5 16 7 12 23 21 15 14 17 26 23 13 18 14 32 32 16 33 34 3
4 32 35 25 9 52 20 53 9 54 55 7	2 27 7 16 11 12 35 15 18	27 7 16 11 12 35 15 18 3
4 32 35 25 9 52 37 56 57 9 54 7	2 27 7 16 11 12 23 27 7 16 26 18	27 7 16 11 12 23 27 7 16 26 18 3
4 35 25 9 54 58 9 59 55 7	2 27 5 16 7 20 35 12 26	27 5 16 7 20 35 12 26 3
4 43 60 9 61 57 9 54 62 63 8 7	2 29 5 30 11 17 31 26 18	29 5 30 11 17 31 26 18 3
4 35 64 7	2 27 5 6 7 7	27 5 6 7 7 3
4 65 25 9 26 27 20 53 9 66 55 7	2 27 5 16 7 12 35 15 18	27 5 16 7 12 35 15 18 3
4 32 35 67 7	2 27 7 6 11 11	27 7 6 11 11 3
4 35 25 9 52 37 56 57 9 54 7	2 27 5 16 7 20 16 17 22	27 5 16 7 20 16 17 22 3
4 68 69 9 70 14 9 71 7	2 13 5 36 7 7 14 11 17	13 5 36 7 7 14 11 17 3
4 72 73 32 12 39 25 9 74 7	2 13 20 37 7 7 14 12 12 16 15 26	13 20 37 7 7 14 12 12 16 15 26 3
4 35 25 9 52 37 12 9 18 16 9 13 14 9 15 7	2 27 5 16 7 20 23 21 15 14 17 38	27 5 16 7 20 23 21 15 14 17 38 3
4 75 65 25 76 19 37 77 78 79 13 32 7	2 27 7 6 11 12 23 39 17 40 26 18	27 7 6 11 12 23 39 17 40 26 18 3
4 35 25 9 52 37 12 9 18 16 9 13 14 9 79 15 7	2 27 5 16 7 20 23 13 15 14 17 26 16 22 34	27 5 16 7 20 23 13 15 14 17 26 16 22 34 3
4 72 73 32 65 80 9 81 82 37 5 39 14 7	2 27 20 14 7 7 16 12 26 23 8 18 37 7 7 10 32 32 9 33 33	27 20 14 7 7 16 12 26 23 8 18 37 7 7 10 32 32 9 33 33 3
4 83 73 32 5 6 7	2 4 20 14 7 7 6 12 12	4 20 14 7 7 6 12 12 3
4 72 73 84 9 85 86 9 30 7	2 29 11 41 7 7 30 20 26	29 11 41 7 7 30 20 26 3
4 75 84 9 87 33 34 57 9 88 7	2 29 7 30 11 20 23 24 15 14 12 12 25 17 22	29 7 30 11 20 23 24 15 14 12 12 25 17 22 3
4 32 84 9 70 7	2 29 7 30 11 20	29 7 30 11 20 3
4 32 84 9 52 7	2 29 7 30 11 20	29 7 30 11 20 3
4 75 35 25 9 54 58 9 59 55 7	2 27 7 16 11 12 35 15 22	27 7 16 11 12 35 15 22 3
4 84 9 54 7	2 29 5 30 7 11	29 5 30 7 11 3
4 77 9 30 89 90 14 9 91 7	2 39 5 40 7 12 30 15 26	39 5 40 7 12 30 15 26 3
4 49 9 13 14 9 15 57 9 52 7	2 13 5 14 7 11 16 20 22	13 5 14 7 11 16 20 22 3
4 83 73 32 12 39 25 9 74 7	2 13 20 37 7 7 14 12 12 16 15 26	13 20 37 7 7 14 12 12 16 15 26 3
4 32 65 80 9 30 37 5 39 8 7	2 27 7 16 11 12 23 8 17 10 26 26 9 22 22	27 7 16 11 12 23 8 17 10 26 26 9 22 22 3
4 75 72 73 84 9 92 37 49 39 57 9 52 7	2 29 20 41 11 11 30 12 15 23 13 26 37 11 11 14 22 22 16 18 33	29 20 41 11 11 30 12 15 23 13 26 37 11 11 14 22 22 16 18 33 3
4 75 65 25 76 19 37 77 78 79 13 7	2 27 7 6 11 12 23 39 17 40 26 18	27 7 6 11 12 23 39 17 40 26 18 3
4 83 73 32 65 80 9 81 82 37 5 39 14 7	2 27 20 14 7 7 16 12 26 23 8 18 37 7 7 10 32 32 9 33 33	27 20 14 7 7 16 12 26 23 8 18 37 7 7 10 32 32 9 33 33 3
4 49 9 93 14 9 15 16 9 30 7	2 13 5 14 7 15 16 17 22	13 5 14 7 15 16 17 22 3
4 32 5 14 9 94 11 14 9 15 7	2 8 7 9 11 11 10 20 22	8 7 9 11 11 10 20 22 3
4 75 35 16 9 30 37 38 39 8 32 7	2 27 7 16 11 12 23 8 17 10 26 26 9 22 22	27 7 16 11 12 23 8 17 10 26 26 9 22 22 3
4 75 83 73 32 65 25 9 81 82 37 5 39 14 7	2 27 12 14 11 11 16 15 22 23 8 32 37 11 11 10 33 33 9 42 42	27 12 14 11 11 16 15 22 23 8 32 37 11 11 10 33 33 9 42 42 3
4 32 5 19 37 35 40 7	2 4 7 6 11 11 23 27 12 6 15 15	4 7 6 11 11 23 27 12 6 15 15 3
4 49 9 89 90 25 9 19 95 9 96 7	2 13 5 14 7 20 16 12 18	13 5 14 7 20 16 12 18 3
4 83 73 35 25 9 52 37 12 9 97 32 7	2 27 11 14 7 7 16 20 15 23 21 26 37 7 7 14 22 18	27 11 14 7 7 16 20 15 23 21 26 37 7 7 14 22 18 3
4 43 44 9 61 62 98 14 32 7	2 29 5 30 11 20 31 12 17	29 5 30 11 20 31 12 17 3
4 83 73 32 65 40 7	2 27 20 14 7 7 6 12 12	27 20 14 7 7 6 12 12 3
4 32 12 9 96 25 9 88 14 9 19 7	2 13 7 14 11 20 16 12 18	13 7 14 11 20 16 12 18 3
4 32 35 25 9 52 58 9 55 7	2 27 7 16 11 12 35 15 26	27 7 16 11 12 35 15 26 3
4 32 84 9 54 7	2 29 7 30 11 20	29 7 30 11 20 3
4 32 5 19 7	2 4 7 6 11 11	4 7 6 11 11 3
4 75 83 73 84 9 92 37 49 39 57 9 52 7	2 29 20 41 11 11 30 12 15 23 13 26 37 11 11 14 22 22 16 18 33	29 20 41 11 11 30 12 15 23 13 26 37 11 11 14 22 22 16 18 33 3
4 43 44 9 61 62 8 7	2 29 5 30 11 20 31 12 15	29 5 30 11 20 31 12 15 3
4 12 9 93 37 9 13 14 9 15 14 9 91 7	2 13 5 14 7 22 16 18 33	13 5 14 7 22 16 18 33 3
4 75 32 35 25 9 52 20 53 9 54 55 7	2 27 11 16 20 15 35 17 32	27 11 16 20 15 35 17 32 3
4 75 32 5 14 9 94 11 14 9 15 7	2 8 11 9 20 20 10 12 18	8 11 9 20 20 10 12 18 3
4 12 9 93 33 34 14 9 15 14 9 91 7	2 13 5 14 7 11 16 22 32 23 24 12 14 20 20 25 15 26	13 5 14 7 11 16 22 32 23 24 12 14 20 20 25 15 26 3
4 75 32 43 60 9 30 34 14 9 15 7	2 29 11 30 12 15 23 24 17 14 12 15 25 26 18	29 11 30 12 15 23 24 17 14 12 15 25 26 18 3
4 12 9 99 14 9 100 57 9 26 27 7	2 13 5 14 7 15 16 17 18	13 5 14 7 15 16 17 18 3
4 12 9 99 14 9 100 57 9 88 7	2 13 5 14 7 11 16 20 22	13 5 14 7 11 16 20 22 3
4 75 65 25 76 6 37 101 102 9 103 32 7	2 27 7 6 11 12 23 39 17 40 26 18	27 7 6 11 12 23 39 17 40 26 18 3
4 104 72 73 77 69 9 105 7	2 39 20 43 11 11 40 15 17	39 20 43 11 11 40 15 17 3
4 12 9 85 14 9 15 14 9 91 7	2 13 5 14 7 15 16 17 22	13 5 14 7 15 16 17 22 3
4 12 9 13 16 9 18 14 9 15 7	2 21 5 14 7 22	21 5 14 7 22 3
4 12 106 24 25 9 26 27 14 9 28 7	2 13 5 14 7 11 16 20 18	13 5 14 7 11 16 20 18 3
4 12 9 85 107 9 15 25 9 52 32 7	2 13 5 14 7 11 44 20 15 16 17 22	13 5 14 7 11 44 20 15 16 17 22 3
4 49 69 78 18 95 108 7	2 13 5 36 7 7 14 11 15	13 5 36 7 7 14 11 15 3
4 49 69 9 109 37 9 110 7	2 13 5 36 7 7 14 11 17	13 5 36 7 7 14 11 17 3
4 9 111 112 113 14 9 15 14 9 6 95 78 114 95 115 7	2 24 20 14 5 7 25 12 34	24 20 14 5 7 25 12 34 3
4 12 116 117 118 37 49 50 25 69 7	2 21 5 14 7 20 23 13 15 14 17 17 36 26 22	21 5 14 7 20 23 13 15 14 17 17 36 26 22 3
4 12 9 119 85 7	2 21 5 14 7 20	21 5 14 7 20 3
4 120 9 121 57 9 122 7	2 45 5 14 7 11 16 20 15	45 5 14 7 11 16 20 15 3
4 120 9 123 14 9 54 124 7	2 45 5 14 7 11 16 20 17	45 5 14 7 11 16 20 17 3
4 125 9 126 7	2 46 5 14 7 11	46 5 14 7 11 3
4 35 16 9 127 7	2 27 5 16 7 20	27 5 16 7 20 3
4 35 128 25 9 127 7	2 27 5 16 7 12	27 5 16 7 12 3
4 35 36 25 9 55 7	2 27 5 16 7 12	27 5 16 7 12 3
4 77 78 129 95 108 7	2 39 5 40 7 12	39 5 40 7 12 3
4 120 130 13 14 9 131 7	2 45 5 14 7 11 16 20 15	45 5 14 7 11 16 20 15 3
4 120 9 132 14 9 133 7	2 45 5 14 7 11 16 20 15	45 5 14 7 11 16 20 15 3
4 12 9 117 134 107 9 52 135 37 120 50 14 9 15 7	2 21 5 14 7 20 44 12 26 23 45 18 14 32 32 16 33 38	21 5 14 7 20 44 12 26 23 45 18 14 32 32 16 33 38 3
4 120 9 136 29 57 9 137 7	2 45 5 14 7 20 16 12 17	45 5 14 7 20 16 12 17 3
4 32 75 120 9 138 14 9 133 37 139 39 7	2 45 11 14 20 12 16 15 26 23 29 18 30 32 32	45 11 14 20 12 16 15 26 23 29 18 30 32 32 3
4 35 57 9 140 27 37 141 9 142 7	2 27 5 16 7 12 23 21 17 14 26 22	27 5 16 7 12 23 21 17 14 26 22 3
4 35 25 9 117 82 7	2 27 5 16 7 12	27 5 16 7 12 3
4 35 36 25 9 30 143 7	2 27 5 16 7 15	27 5 16 7 15 3
4 35 57 9 54 37 77 9 105 7	2 27 5 16 7 20 23 39 15 40 17 26	27 5 16 7 20 23 39 15 40 17 26 3
4 32 12 144 145 107 9 52 135 7	2 21 7 14 11 20 44 12 26	21 7 14 11 20 44 12 26 3
4 120 9 110 57 9 146 7	2 45 5 14 7 11 16 20 15	45 5 14 7 11 16 20 15 3
4 120 130 138 14 9 133 7	2 45 5 14 7 11 16 20 15	45 5 14 7 11 16 20 15 3
4 75 147 73 77 78 148 95 115 7	2 39 20 47 11 11 40 12 26	39 20 47 11 11 40 12 26 3
4 120 149 121 14 9 100 7	2 45 5 14 7 11 16 20 15	45 5 14 7 11 16 20 15 3
4 150 102 149 136 29 7	2 39 5 40 7 12	39 5 40 7 12 3
4 77 9 111 7	2 39 5 40 7 11	39 5 40 7 11 3
4 35 25 9 6 95 9 28 7	2 27 5 16 7 17	27 5 16 7 17 3
4 151 9 152 148 16 9 52 55 7	2 21 5 14 7 26	21 5 14 7 26 3
4 77 9 70 7	2 39 5 40 7 11	39 5 40 7 11 3
4 150 102 78 153 13 57 9 154 7	2 39 5 40 7 12 30 15 26	39 5 40 7 12 30 15 26 3
4 120 9 155 156 57 9 45 7	2 45 5 14 7 20 16 12 17	45 5 14 7 20 16 12 17 3
4 75 157 101 9 88 102 149 136 29 7	2 39 11 48 7 7 30 20 12 40 15 22	39 11 48 7 7 30 20 12 40 15 22 3
4 120 149 158 57 9 81 82 7	2 45 5 14 7 11 16 20 17	45 5 14 7 11 16 20 17 3
4 75 147 73 49 9 159 85 107 9 52 15 7	2 13 20 37 11 11 14 12 17 44 26 32	13 20 37 11 11 14 12 17 44 26 32 3
4 104 75 147 73 35 25 9 52 37 5 14 9 117 82 7	2 27 12 14 20 20 16 15 26 23 8 18 9 32 32 10 33 38	27 12 14 20 20 16 15 26 23 8 18 9 32 32 10 33 38 3
4 35 25 9 160 7	2 27 5 16 7 20	27 5 16 7 20 3
4 77 149 161 7	2 39 5 40 7 11	39 5 40 7 11 3
4 147 73 49 9 162 163 164 7	2 13 11 37 7 7 14 20 12 16 15 17	13 11 37 7 7 14 20 12 16 15 17 3
4 147 73 49 9 18 25 9 124 7	2 13 11 37 7 7 14 20 12 16 15 26	13 11 37 7 7 14 20 12 16 15 26 3
4 77 78 165 7	2 39 5 40 7 11	39 5 40 7 11 3
4 35 25 9 140 27 12 166 9 48 107 9 15 37 120 50 57 9 167 7	2 27 5 16 7 12 23 21 15 14 17 22 44 18 33 23 45 38 14 34 34 16 49 50	27 5 16 7 12 23 21 15 14 17 22 44 18 33 23 45 38 14 34 34 16 49 50 3
4 101 9 26 27 102 9 89 139 7	2 39 5 30 7 20 40 12 26	39 5 30 7 20 40 12 26 3
4 168 9 169 7	2 46 5 14 7 11	46 5 14 7 11 3
4 120 170 9 105 7	2 45 5 51 7 7 14 11 20	45 5 51 7 7 14 11 20 3
4 75 171 172 73 57 9 54 35 173 32 7	2 27 26 16 22 22	27 26 16 22 22 3
4 101 102 9 174 57 9 79 175 7	2 39 5 40 7 20 30 12 26	39 5 40 7 20 30 12 26 3
4 65 25 88 7	2 27 5 16 7 11	27 5 16 7 11 3
4 171 176 177 144 152 147 73 151 178 107 9 146 37 49 39 164 7	2 21 26 37 17 17 14 22 22 44 18 33 23 13 38 14 34 34 16 49 49	21 26 37 17 17 14 22 22 44 18 33 23 13 38 14 34 34 16 49 49 3
4 151 9 179 97 7	2 21 5 14 7 20	21 5 14 7 20 3
4 147 73 35 25 9 52 77 78 18 37 49 39 25 69 7	2 27 11 14 7 7 16 20 15 23 39 17 40 26 22 23 13 32 14 33 33 36 42 38	27 11 14 7 7 16 20 15 23 39 17 40 26 22 23 13 32 14 33 33 36 42 38 3
4 49 180 144 181 7	2 13 5 36 7 7 14 11 20	13 5 36 7 7 14 11 20 3
4 49 9 182 183 25 9 54 7	2 13 5 14 7 20 16 12 17	13 5 14 7 20 16 12 17 3
4 147 73 77 78 79 184 57 9 185 7	2 39 11 43 7 7 40 20 15 30 17 22	39 11 43 7 7 40 20 15 30 17 22 3
4 151 9 13 186 9 153 99 7	2 21 5 14 7 17	21 5 14 7 17 3
4 187 35 95 9 148 95 152 7	2 46 5 14 11 17	46 5 14 11 17 3
4 65 25 9 88 7	2 27 5 16 7 20	27 5 16 7 20 3
4 12 78 117 188 7	2 21 5 14 7 20	21 5 14 7 20 3
4 101 102 78 153 97 7	2 39 5 40 7 12	39 5 40 7 12 3
4 75 83 73 65 16 9 15 7	2 27 20 14 11 11 16 12 17	27 20 14 11 11 16 12 17 3
4 12 149 189 14 9 100 37 120 50 57 9 81 82 7	2 21 5 14 7 15 23 45 26 14 22 22 16 18 42	21 5 14 7 15 23 45 26 14 22 22 16 18 42 3
4 101 102 9 174 190 112 113 57 9 153 175 7	2 39 5 40 7 20 23 24 17 14 12 12 25 26 32	39 5 40 7 20 23 24 17 14 12 12 25 26 32 3
4 171 191 144 192 49 69 193 194 195 193 196 7	2 13 12 36 15 15 14 17 32	13 12 36 15 15 14 17 32 3
4 65 197 107 9 45 7	2 27 5 44 7 12	27 5 44 7 12 3
4 147 73 49 69 149 198 73 147 77 39 14 9 15 57 9 140 27 7	2 13 11 37 7 7 36 20 20 14 12 15 23 39 22 43 17 17 40 18 18 30 32 52	13 11 37 7 7 36 20 20 14 12 15 23 39 22 43 17 17 40 18 18 30 32 52 3
4 157 101 102 149 70 32 7	2 39 7 48 5 5 40 11 12	39 7 48 5 5 40 11 12 3
4 147 73 49 69 149 161 7	2 13 11 37 7 7 36 20 20 14 12 15	13 11 37 7 7 36 20 20 14 12 15 3
4 65 199 9 200 7	2 27 5 35 7 20	27 5 35 7 20 3
4 171 201 172 73 25 49 69 149 202 39 34 57 178 95 9 203 95 9 54 7	2 13 15 37 20 20 36 17 17 14 26 22 23 24 32 14 18 18 25 33 53	13 15 37 20 20 36 17 17 14 26 22 23 24 32 14 18 18 25 33 53 3
4 101 9 26 27 102 149 136 29 7	2 39 5 30 7 20 40 12 26	39 5 30 7 20 40 12 26 3
4 12 149 204 7	2 21 5 14 7 11	21 5 14 7 11 3
4 75 205 206 207 73 35 208 37 101 102 149 209 7	2 27 15 14 12 12 51 17 17 23 39 22 40 18 33	27 15 14 12 12 51 17 17 23 39 22 40 18 33 3
4 151 9 210 211 7	2 21 5 14 7 20	21 5 14 7 20 3
4 65 25 9 140 27 7	2 27 5 16 7 12	27 5 16 7 12 3
4 49 9 192 212 9 140 15 7	2 13 5 14 7 11 16 20 17	13 5 14 7 11 16 20 17 3
4 206 73 213 73 147 77 149 70 7	2 39 15 47 20 20 40 17 26	39 15 47 20 20 40 17 26 3
4 83 73 12 9 214 14 9 215 216 7	2 21 11 37 7 7 14 20 22	21 11 37 7 7 14 20 22 3
4 49 9 217 164 37 120 50 14 9 15 36 25 9 91 7	2 13 5 14 7 11 16 20 20 23 45 15 14 17 17 16 26 38	13 5 14 7 11 16 20 20 23 45 15 14 17 17 16 26 38 3
4 32 77 9 218 7	2 39 7 40 11 20	39 7 40 11 20 3
4 151 130 188 7	2 21 5 14 7 11	21 5 14 7 11 3
4 75 120 130 97 57 9 219 95 9 15 7	2 45 7 14 11 20 16 12 18	45 7 14 11 20 16 12 18 3
4 75 220 35 221 9 88 37 77 9 94 103 39 112 113 14 9 137 7	2 27 11 16 20 15 23 39 26 40 22 32 23 24 38 14 33 33 25 34 52	27 11 16 20 15 23 39 26 40 22 32 23 24 38 14 33 33 25 34 52 3
4 12 9 194 222 223 7	2 21 5 14 7 12	21 5 14 7 12 3
4 120 9 71 14 9 100 7	2 45 5 14 7 11 16 20 15	45 5 14 7 11 16 20 15 3
4 32 65 199 9 224 7	2 27 7 35 11 12	27 7 35 11 12 3
4 171 172 149 225 77 39 32 7	2 39 12 40 15 15	39 12 40 15 15 3
4 83 73 35 25 9 88 37 12 9 226 14 9 137 32 7	2 27 11 14 7 7 16 20 15 23 21 26 14 22 42	27 11 14 7 7 16 20 15 23 21 26 14 22 42 3
4 49 69 9 227 223 7	2 13 5 36 7 7 14 11 12	13 5 36 7 7 14 11 12 3
4 35 57 9 52 37 38 8 9 117 82 37 9 167 7	2 27 5 16 7 20 23 8 15 9 17 17 10 26 42	27 5 16 7 20 23 8 15 9 17 17 10 26 42 3
4 35 16 9 228 7	2 27 5 16 7 20	27 5 16 7 20 3
4 49 69 9 229 7	2 13 5 36 7 7 14 11 20	13 5 36 7 7 14 11 20 3
4 83 73 32 49 180 144 108 7	2 13 20 37 7 7 36 12 12 14 15 17	13 20 37 7 7 36 12 12 14 15 17 3
4 171 230 149 231 57 9 26 27 147 73 101 102 39 232 39 233 16 9 28 7	2 39 32 47 18 18 40 33 42 23 24 49 14 34 34 25 52 53	39 32 47 18 18 40 33 42 23 24 49 14 34 34 25 52 53 3
4 32 77 9 182 183 7	2 39 7 40 11 12	39 7 40 11 12 3
4 120 9 71 14 9 234 7	2 45 5 14 7 11 16 20 15	45 5 14 7 11 16 20 15 3
4 12 9 152 235 57 9 52 7	2 21 5 14 7 17	21 5 14 7 17 3
4 75 32 101 102 9 236 229 7	2 39 11 40 20 17	39 11 40 20 17 3
4 12 9 196 237 107 9 146 7	2 21 5 14 7 20 44 12 17	21 5 14 7 20 44 12 17 3
4 173 233 78 204 14 9 91 51 15 147 73 49 39 25 69 7	2 24 5 14 11 20 25 12 22 23 24 5 7 37 32 32 14 42 42 36 38 34	24 5 14 11 20 25 12 22 23 24 5 7 37 32 32 14 42 42 36 38 34 3
4 173 233 78 238 121 57 9 140 27 147 73 49 39 25 69 7	2 24 5 14 11 12 25 15 22 23 24 5 7 37 32 32 14 42 42 36 38 34	24 5 14 11 12 25 15 22 23 24 5 7 37 32 32 14 42 42 36 38 34 3
4 12 9 239 85 7	2 21 5 14 7 20	21 5 14 7 20 3
4 173 62 144 240 241 57 9 52 175 147 73 12 178 37 49 39 164 7	2 24 5 14 11 12 25 15 22 23 24 5 7 37 32 32 14 42 42 23 21 33 14 49 49 16 52 52	24 5 14 11 12 25 15 22 23 24 5 7 37 32 32 14 42 42 23 21 33 14 49 49 16 52 52 3
4 12 9 214 186 9 94 242 7	2 21 5 14 7 17	21 5 14 7 17 3
4 173 62 144 115 14 9 52 15 147 73 49 50 164 7	2 24 5 14 11 20 25 12 26 23 24 5 7 37 18 18 14 33 33 16 42 42	24 5 14 11 20 25 12 26 23 24 5 7 37 18 18 14 33 33 16 42 42 3
4 73 112 49 69 9 243 244 33 34 14 9 15 7	2 13 11 37 5 5 36 20 20 14 12 33 23 24 22 14 26 26 25 18 33	13 11 37 5 5 36 20 20 14 12 33 23 24 22 14 26 26 25 18 33 3
4 12 9 245 33 34 57 9 52 7	2 21 5 14 7 26 23 24 12 14 20 20 25 15 26	21 5 14 7 26 23 24 12 14 20 20 25 15 26 3
4 12 9 18 223 7	2 21 5 14 7 20	21 5 14 7 20 3
4 12 9 246 107 9 167 7	2 21 5 14 7 11 44 20 15	21 5 14 7 11 44 20 15 3
4 150 102 9 247 57 9 54 7	2 39 5 40 7 20 30 12 17	39 5 40 7 20 30 12 17 3
4 128 9 55 14 9 6 7	2 54 5 55 7 15	54 5 55 7 15 3
4 12 9 248 25 249 7	2 13 5 14 7 11 36 20 12	13 5 14 7 11 36 20 12 3
4 12 9 29 14 9 19 95 9 250 7	2 21 5 14 7 22	21 5 14 7 22 3
4 128 9 251 14 9 100 7	2 54 5 56 7 15	54 5 56 7 15 3
4 150 102 9 18 57 9 88 7	2 39 5 40 7 20 30 12 17	39 5 40 7 20 30 12 17 3
4 128 9 223 7	2 54 5 56 7 11	54 5 56 7 11 3
4 65 16 9 91 95 9 88 252 7	2 27 5 16 7 17 48 26 26	27 5 16 7 17 48 26 26 3
4 65 16 9 253 7	2 27 5 16 7 20	27 5 16 7 20 3
4 128 9 127 14 9 19 7	2 54 5 55 7 15	54 5 55 7 15 3
4 254 9 52 7	2 57 5 16 7 11	57 5 16 7 11 3
4 150 255 69 7	2 58 5 59 7 11	58 5 59 7 11 3
4 151 9 71 255 9 19 95 9 91 7	2 21 5 14 7 22	21 5 14 7 22 3
4 151 9 256 36 25 9 29 7	2 21 5 14 7 17	21 5 14 7 17 3
4 257 25 9 250 14 76 19 7	2 60 5 16 7 17	60 5 16 7 17 3
4 151 9 129 7	2 21 5 14 7 11	21 5 14 7 11 3
4 258 9 183 16 9 253 7	2 13 5 14 7 11 16 20 15	13 5 14 7 11 16 20 15 3
4 258 9 71 16 9 127 95 9 88 7	2 13 5 14 7 11 16 20 22	13 5 14 7 11 16 20 22 3
4 258 9 93 25 249 7	2 13 5 14 7 11 36 20 12	13 5 14 7 11 36 20 12 3
4 49 9 71 25 9 91 95 9 88 7	2 13 5 14 7 11 16 20 22	13 5 14 7 11 16 20 22 3
4 254 9 55 7	2 57 5 16 7 11	57 5 16 7 11 3
4 49 9 183 16 9 96 7	2 13 5 14 7 11 16 20 15	13 5 14 7 11 16 20 15 3
4 66 9 129 7	2 54 5 56 7 11	54 5 56 7 11 3
4 49 9 85 16 9 87 95 9 88 7	2 13 5 14 7 11 16 20 22	13 5 14 7 11 16 20 22 3
4 259 9 71 7	2 21 5 14 7 11	21 5 14 7 11 3
4 259 9 29 255 9 6 95 9 260 7	2 21 5 14 7 22	21 5 14 7 22 3
4 66 9 85 14 9 19 95 9 261 7	2 54 5 56 7 22	54 5 56 7 22 3
4 35 25 9 253 255 76 19 7	2 27 5 16 7 17	27 5 16 7 17 3
4 35 25 9 182 7	2 27 5 16 7 20	27 5 16 7 20 3
4 101 57 9 262 102 9 223 7	2 39 5 30 7 20 40 12 17	39 5 30 7 20 40 12 17 3
4 12 9 251 255 9 19 95 9 85 7	2 21 5 14 7 22	21 5 14 7 22 3
4 12 9 129 16 9 146 7	2 21 5 14 7 15	21 5 14 7 15 3
4 12 9 29 14 9 91 7	2 21 5 14 7 15	21 5 14 7 15 3
4 263 25 9 264 42 7	2 27 5 16 7 20 48 12 12	27 5 16 7 20 48 12 12 3
4 12 9 183 25 9 54 7	2 13 5 14 7 11 16 20 15	13 5 14 7 11 16 20 15 3
4 12 9 223 25 9 15 95 9 52 7	2 13 5 14 7 11 16 20 22	13 5 14 7 11 16 20 22 3
4 5 14 9 38 7	2 8 5 9 7 7 10 11 20	8 5 9 7 7 10 11 20 3
4 65 16 9 127 7	2 27 5 16 7 20	27 5 16 7 20 3
4 147 73 32 49 149 29 25 9 54 7	2 13 20 37 7 7 14 12 15 16 17 22	13 20 37 7 7 14 12 15 16 17 22 3
4 265 69 7	2 61 5 62 7 7	61 5 62 7 7 3
4 83 73 32 35 25 9 55 7	2 27 20 14 7 7 16 12 17	27 20 14 7 7 16 12 17 3
4 73 62 57 9 88 37 9 100 34 266 267 268 7	2 24 7 14 5 5 25 11 12 23 24 22 14 17 26 25 18 33	24 7 14 5 5 25 11 12 23 24 22 14 17 26 25 18 33 3
4 35 265 149 269 208 9 270 7	2 61 7 62 11 20 35 12 17	61 7 62 11 20 35 12 17 3
4 32 65 25 9 146 7	2 27 7 16 11 12	27 7 16 11 12 3
4 147 73 12 9 188 25 9 117 15 57 9 26 27 7	2 13 11 37 7 7 14 20 12 16 15 42	13 11 37 7 7 14 20 12 16 15 42 3
4 83 73 77 78 18 57 9 140 27 7	2 39 11 43 7 7 40 20 12 30 15 22	39 11 43 7 7 40 20 12 30 15 22 3
4 265 9 271 186 9 153 121 7	2 61 5 62 7 17	61 5 62 7 17 3
4 12 149 272 25 9 88 7	2 13 5 14 7 11 16 20 15	13 5 14 7 11 16 20 15 3
4 77 9 273 7	2 39 5 40 7 11	39 5 40 7 11 3
4 147 73 49 69 9 245 107 9 146 7	2 13 11 37 7 7 36 20 20 14 12 15 44 17 22	13 11 37 7 7 36 20 20 14 12 15 44 17 22 3
4 130 34 78 54 186 78 274 275 37 276 124 7	2 63 7 64 5 5 65 11 32	63 7 64 5 5 65 11 32 3
4 147 73 151 149 17 18 107 9 140 27 7	2 21 11 37 7 7 14 20 15 44 17 18	21 11 37 7 7 14 20 15 44 17 18 3
4 49 69 149 277 107 9 91 7	2 13 5 36 7 7 14 11 20 44 12 17	13 5 36 7 7 14 11 20 44 12 17 3
4 49 69 9 71 107 9 100 7	2 13 5 36 7 7 14 11 20 44 12 17	13 5 36 7 7 14 11 20 44 12 17 3
4 35 25 9 140 27 7	2 27 5 16 7 12	27 5 16 7 12 3
4 120 9 278 29 14 9 140 27 15 7	2 45 5 14 7 20 16 12 22	45 5 14 7 20 16 12 22 3
4 65 25 9 26 27 7	2 27 5 16 7 12	27 5 16 7 12 3
4 130 34 78 279 280 37 281 282 7	2 63 7 64 5 5 65 11 26	63 7 64 5 5 65 11 26 3
4 147 73 35 25 9 52 37 49 69 144 283 107 9 284 7	2 27 11 14 7 7 16 20 15 23 13 26 36 22 22 14 18 32 44 33 38	27 11 14 7 7 16 20 15 23 13 26 36 22 22 14 18 32 44 33 38 3
4 32 265 69 7	2 61 7 62 11 11	61 7 62 11 11 3
4 147 73 32 265 33 271 163 173 7	2 61 20 14 7 7 62 12 26	61 20 14 7 7 62 12 26 3
4 32 49 9 188 25 9 88 7	2 13 7 14 11 20 16 12 17	13 7 14 11 20 16 12 17 3
4 130 34 78 100 27 7	2 63 7 64 5 5 65 11 12	63 7 64 5 5 65 11 12 3
4 130 34 78 26 27 186 10 285 7	2 63 7 64 5 5 65 11 26	63 7 64 5 5 65 11 26 3
4 265 9 286 57 287 95 73 7	2 61 5 62 7 17	61 5 62 7 17 3
4 32 35 25 9 15 7	2 27 7 16 11 12	27 7 16 11 12 3
4 35 25 9 146 288 9 52 7	2 27 5 16 7 17	27 5 16 7 17 3
4 49 69 9 289 107 9 54 7	2 13 5 36 7 7 14 11 20 44 12 17	13 5 36 7 7 14 11 20 44 12 17 3
4 290 25 52 7	2 27 5 16 7 11	27 5 16 7 11 3
4 147 73 77 9 273 102 69 7	2 39 11 43 7 7 40 20 12	39 11 43 7 7 40 20 12 3
4 83 73 32 65 25 9 124 37 66 9 291 108 7	2 27 20 14 7 7 16 12 17 23 8 22 10 18 33	27 20 14 7 7 16 12 17 23 8 22 10 18 33 3
4 292 69 9 289 7	2 66 5 67 7 7 14 11 20	66 5 67 7 7 14 11 20 3
4 265 149 293 221 9 26 27 7	2 61 5 62 7 11 16 20 17	61 5 62 7 11 16 20 17 3
4 49 9 256 16 9 253 14 9 6 7	2 13 5 14 7 11 16 20 22	13 5 14 7 11 16 20 22 3
4 35 25 9 54 12 9 294 35 25 9 295 37 296 9 297 7	2 27 5 16 7 20 23 21 12 14 15 17 23 27 26 16 22 32	27 5 16 7 20 23 21 12 14 15 17 23 27 26 16 22 32 3
4 120 9 13 14 9 234 16 9 140 15 7	2 45 5 14 7 11 16 20 18	45 5 14 7 11 16 20 18 3
4 298 147 73 35 25 9 54 25 9 170 6 299 37 12 78 289 102 69 32 300 73 7	2 27 20 14 11 11 16 12 33 23 21 38 37 11 11 14 34 49	27 20 14 11 11 16 12 33 23 21 38 37 11 11 14 34 49 3
4 265 9 286 86 73 7	2 61 5 62 7 12	61 5 62 7 12 3
4 9 146 34 14 76 6 51 7	2 24 11 14 5 7 25 20 17	24 11 14 5 7 25 20 17 3
4 173 62 267 301 57 9 52 7	2 24 5 14 11 20 25 12 17	24 5 14 11 20 25 12 17 3
4 49 188 25 88 7	2 13 5 14 7 7 16 11 20	13 5 14 7 7 16 11 20 3
4 147 73 265 149 302 25 9 160 7	2 61 11 14 7 7 62 20 12 16 15 26	61 11 14 7 7 62 20 12 16 15 26 3
4 43 59 55 303 7	2 29 5 30 7 20	29 5 30 7 20 3
4 32 304 149 136 29 37 120 39 14 9 234 16 9 15 7	2 21 7 14 11 12 23 45 17 14 26 26 16 22 38	21 7 14 11 12 23 45 17 14 26 26 16 22 38 3
4 75 265 69 252 7	2 61 7 62 11 11 48 20 20	61 7 62 11 11 48 20 20 3
4 32 254 9 54 37 35 80 9 124 14 9 19 305 51 7	2 57 7 16 11 20 23 27 15 16 17 38	57 7 16 11 20 23 27 15 16 17 38 3
4 73 62 57 78 279 306 54 7	2 24 7 14 5 5 25 11 17	24 7 14 5 5 25 11 17 3
4 147 73 307 9 188 25 9 308 95 9 15 7	2 45 11 37 7 7 14 20 12 16 15 32	45 11 37 7 7 14 20 12 16 15 32 3
4 309 130 121 57 9 87 95 9 262 7	2 45 5 14 7 11 16 20 22	45 5 14 7 11 16 20 22 3
4 265 69 279 310 7	2 61 5 62 7 7 48 11 20	61 5 62 7 7 48 11 20 3
4 101 102 289 7	2 39 5 40 7 11	39 5 40 7 11 3
4 49 9 188 25 9 52 7	2 13 5 14 7 11 16 20 15	13 5 14 7 11 16 20 15 3
4 265 9 286 186 9 311 312 37 9 94 313 310 7	2 61 5 62 7 32 28 33 33	61 5 62 7 32 28 33 33 3
4 120 9 188 57 9 26 27 7	2 45 5 14 7 11 16 20 17	45 5 14 7 11 16 20 17 3
4 75 35 25 9 274 7	2 27 7 16 11 12	27 7 16 11 12 3
4 120 149 136 29 14 9 52 15 7	2 45 5 14 7 20 16 12 26	45 5 14 7 20 16 12 26 3
4 173 34 78 15 57 9 219 95 9 140 27 7	2 24 5 14 11 20 25 12 32	24 5 14 11 20 25 12 32 3
4 314 69 9 315 85 7	2 13 5 36 7 7 14 11 12	13 5 36 7 7 14 11 12 3
4 298 147 73 12 9 188 57 9 52 37 49 39 25 9 51 95 9 316 32 317 7	2 21 20 37 11 11 14 12 22 23 13 32 14 33 33 16 42 50	21 20 37 11 11 14 12 22 23 13 32 14 33 33 16 42 50 3
4 318 35 25 9 52 37 68 69 144 108 7	2 27 7 16 11 12 23 13 17 36 26 26 14 22 18	27 7 16 11 12 23 13 17 36 26 26 14 22 18 3
4 57 130 27 173 62 319 320 7	2 24 20 25 5 11 14 15 17	24 20 25 5 11 14 15 17 3
4 32 65 25 9 287 95 9 146 7	2 27 7 16 11 26	27 7 16 11 26 3
4 265 9 321 57 94 7	2 61 5 62 7 12	61 5 62 7 12 3
4 147 73 32 101 9 13 37 49 39 25 69 7	2 39 20 43 7 7 40 12 15 23 13 26 14 22 22 36 18 32	39 20 43 7 7 40 12 15 23 13 26 14 22 22 36 18 32 3
4 265 33 286 7	2 61 5 62 7 11	61 5 62 7 11 3
4 77 9 17 57 9 140 27 7	2 39 5 40 7 11 30 20 17	39 5 40 7 11 30 20 17 3
4 147 73 32 65 16 9 6 228 7	2 27 20 14 7 7 16 12 26	27 20 14 7 7 16 12 26 3
4 32 35 25 9 234 7	2 27 7 16 11 12	27 7 16 11 12 3
4 322 107 9 93 255 9 6 95 9 253 7	2 60 5 16 7 18	60 5 16 7 18 3
4 83 73 32 43 44 9 117 34 323 7	2 29 20 41 7 7 30 15 17 31 26 22	29 20 41 7 7 30 15 17 31 26 22 3
4 147 73 35 163 25 9 28 7	2 27 11 14 7 7 16 20 17	27 11 14 7 7 16 20 17 3
4 173 62 267 324 325 178 326 7	2 24 5 14 11 17	24 5 14 11 17 3
4 147 73 77 69 9 327 214 7	2 39 11 43 7 7 40 12 17	39 11 43 7 7 40 12 17 3
4 43 9 182 183 7	2 29 5 30 7 20	29 5 30 7 20 3
4 318 77 149 13 14 9 28 16 9 127 7	2 39 7 40 11 20 30 12 18	39 7 40 11 20 30 12 18 3
4 83 73 32 65 9 328 329 107 9 52 25 9 330 7	2 13 20 37 7 7 14 12 17 44 26 18 16 32 42	13 20 37 7 7 14 12 17 44 26 18 16 32 42 3
4 130 34 78 88 186 178 100 37 267 331 332 7	2 63 7 64 5 5 65 11 32	63 7 64 5 5 65 11 32 3
4 147 73 49 9 188 25 9 91 57 9 26 27 32 7	2 13 11 37 7 7 14 20 12 16 15 33	13 11 37 7 7 14 20 12 16 15 33 3
4 35 25 9 54 7	2 27 5 16 7 20	27 5 16 7 20 3
4 130 34 78 15 186 78 18 333 7	2 63 7 64 5 5 65 11 26	63 7 64 5 5 65 11 26 3
4 130 34 78 88 186 306 276 100 37 267 334 335 7	2 63 7 64 5 5 65 11 33	63 7 64 5 5 65 11 33 3
4 35 57 287 95 9 59 55 37 66 39 7	2 27 5 16 7 17 23 54 22 55 18 18	27 5 16 7 17 23 54 22 55 18 18 3
4 130 34 78 276 88 186 336 337 14 9 200 7	2 63 7 64 5 5 65 11 32	63 7 64 5 5 65 11 32 3
4 130 34 78 100 27 338 339 147 77 78 100 37 340 341 37 267 342 7	2 63 7 64 5 5 65 11 12	63 7 64 5 5 65 11 12 3
4 35 128 25 9 274 7	2 27 5 16 7 12	27 5 16 7 12 3
4 101 102 9 129 95 17 14 9 15 7	2 39 5 40 7 15 30 17 22	39 5 40 7 15 30 17 22 3
4 12 9 89 139 37 5 14 9 30 7	2 21 5 14 7 20 23 8 15 9 17 17 10 26 22	21 5 14 7 20 23 8 15 9 17 17 10 26 22 3
4 265 130 271 7	2 61 5 62 7 11	61 5 62 7 11 3
4 35 25 9 26 27 37 77 78 343 102 69 7	2 27 5 16 7 12 23 39 17 40 26 22	27 5 16 7 12 23 39 17 40 26 22 3
4 101 102 9 117 118 7	2 39 5 40 7 12	39 5 40 7 12 3
4 151 9 85 14 9 19 95 9 344 7	2 21 5 14 7 22	21 5 14 7 22 3
4 49 69 345 107 9 146 7	2 13 5 36 7 7 14 11 11 44 20 15	13 5 36 7 7 14 11 11 44 20 15 3
4 318 265 9 271 186 9 79 346 37 9 10 347 7	2 61 7 62 11 33	61 7 62 11 33 3
4 176 73 32 265 69 25 9 52 7	2 61 20 14 7 7 62 12 12 16 15 26	61 20 14 7 7 62 12 12 16 15 26 3
4 49 252 9 85 16 9 253 95 9 52 7	2 13 5 48 7 7 14 11 20 16 12 18	13 5 48 7 7 14 11 20 16 12 18 3
4 120 9 117 188 221 9 167 7	2 45 5 14 7 20 16 12 17	45 5 14 7 20 16 12 17 3
4 265 9 286 86 69 7	2 61 5 62 7 12	61 5 62 7 12 3
4 258 9 29 25 9 234 7	2 13 5 14 7 11 16 20 15	13 5 14 7 11 16 20 15 3
4 258 9 13 25 149 137 7	2 13 5 14 7 11 16 20 15	13 5 14 7 11 16 20 15 3
4 173 62 78 348 95 324 57 9 26 27 7	2 24 5 14 11 15 25 17 18	24 5 14 11 15 25 17 18 3
4 101 102 9 228 7	2 39 5 40 7 20	39 5 40 7 20 3
4 32 49 9 136 29 25 9 282 7	2 13 7 14 11 12 16 15 26	13 7 14 11 12 16 15 26 3
4 77 9 79 71 7	2 39 5 40 7 20	39 5 40 7 20 3
4 32 265 69 25 9 15 7	2 61 7 62 11 11 16 20 15	61 7 62 11 11 16 20 15 3
4 265 69 25 9 88 7	2 61 5 62 7 7 16 11 12	61 5 62 7 7 16 11 12 3
4 349 75 265 298 350 351 352 37 353 9 354 355 356 351 357 7	2 61 11 62 20 20 51 12 17	61 11 62 20 20 51 12 17 3
4 35 25 26 27 37 5 14 9 30 7	2 27 5 16 7 20 23 8 15 9 17 17 10 26 22	27 5 16 7 20 23 8 15 9 17 17 10 26 22 3
4 349 75 12 9 13 37 120 39 57 9 45 7	2 45 17 14 26 26 16 22 32 23 21 11 14 20 12	45 17 14 26 26 16 22 32 23 21 11 14 20 12 3
4 358 130 359 25 9 286 57 9 26 27 7	2 13 5 14 7 11 36 20 18	13 5 14 7 11 36 20 18 3
4 32 35 25 9 124 7	2 27 7 16 11 12	27 7 16 11 12 3
4 176 73 32 49 69 149 29 107 9 100 27 7	2 13 20 37 7 7 36 12 12 14 15 17 44 26 32	13 20 37 7 7 36 12 12 14 15 17 44 26 32 3
4 32 65 25 9 360 361 95 130 15 7	2 27 7 16 11 22	27 7 16 11 22 3
4 32 77 9 228 7	2 39 7 40 11 20	39 7 40 11 20 3
4 265 69 157 7	2 61 5 62 7 7 48 11 11	61 5 62 7 7 48 11 11 3
4 35 25 9 52 7	2 27 5 16 7 20	27 5 16 7 20 3
4 65 16 9 96 95 9 52 7	2 27 5 16 7 17	27 5 16 7 17 3
4 12 149 29 221 9 26 27 7	2 13 5 14 7 11 16 20 17	13 5 14 7 11 16 20 17 3
4 65 25 9 19 95 9 15 7	2 27 5 16 7 17	27 5 16 7 17 3
4 173 34 78 11 36 25 9 100 7	2 24 5 14 11 20 25 12 26	24 5 14 11 20 25 12 26 3
4 120 9 71 362 9 100 7	2 45 5 14 7 11 16 20 15	45 5 14 7 11 16 20 15 3
4 32 77 9 192 7	2 39 7 40 11 20	39 7 40 11 20 3
4 49 69 149 289 33 34 57 9 54 7	2 13 5 36 7 7 14 11 22 23 24 15 14 12 12 25 17 22	13 5 36 7 7 14 11 22 23 24 15 14 12 12 25 17 22 3
4 32 77 69 9 94 363 364 34 14 9 100 7	2 39 7 40 20 32 23 24 26 14 17 17 25 22 32	39 7 40 20 32 23 24 26 14 17 17 25 22 32 3
4 32 258 9 188 25 9 54 7	2 13 7 14 11 20 16 12 17	13 7 14 11 20 16 12 17 3
4 173 34 78 100 186 267 268 7	2 24 5 14 11 17	24 5 14 11 17 3
4 9 26 27 34 279 365 37 281 7	2 63 20 64 5 11 65 12 26	63 20 64 5 11 65 12 26 3
4 49 9 29 25 9 47 15 7	2 13 5 14 7 11 16 20 17	13 5 14 7 11 16 20 17 3
4 258 130 188 25 9 366 7	2 13 5 14 7 11 16 20 15	13 5 14 7 11 16 20 15 3
4 77 9 228 57 9 26 27 7	2 39 5 40 7 11 30 20 17	39 5 40 7 11 30 20 17 3
4 265 9 321 367 7	2 61 5 62 7 11 48 20 20	61 5 62 7 11 48 20 20 3
4 35 25 9 88 7	2 27 5 16 7 20	27 5 16 7 20 3
4 32 265 9 286 57 287 95 73 7	2 61 7 62 11 26	61 7 62 11 26 3
4 147 73 252 265 149 368 7	2 61 20 14 7 7 48 11 11 62 12 15	61 20 14 7 7 48 11 11 62 12 15 3
4 32 35 25 9 297 7	2 27 7 16 11 12	27 7 16 11 12 3
4 12 149 29 37 307 39 14 9 369 57 9 52 7	2 21 5 14 7 11 23 45 12 14 15 15 16 17 33	21 5 14 7 11 23 45 12 14 15 15 16 17 33 3
4 68 9 153 370 107 9 54 7	2 21 5 14 7 20 44 12 17	21 5 14 7 20 44 12 17 3
4 35 199 186 50 7	2 61 5 62 11 20	61 5 62 11 20 3
4 130 34 78 54 338 9 55 34 14 9 6 7	2 63 7 64 5 5 65 11 32 23 24 26 14 15 17 68 22 32	63 7 64 5 5 65 11 32 23 24 26 14 15 17 68 22 32 3
4 265 9 286 57 287 95 69 7	2 61 5 62 7 17	61 5 62 7 17 3
4 77 69 78 363 7	2 39 5 40 11 20	39 5 40 11 20 3
4 49 9 29 25 9 26 27 7	2 13 5 14 7 11 16 20 17	13 5 14 7 11 16 20 17 3
4 9 124 34 57 9 52 7	2 24 11 14 5 7 25 20 15	24 11 14 5 7 25 20 15 3
4 75 35 68 78 13 102 69 7	2 21 11 14 20 12	21 11 14 20 12 3
4 32 77 9 371 7	2 39 7 40 11 20	39 7 40 11 20 3
4 65 25 9 228 14 9 6 51 95 9 100 7	2 27 5 16 7 32	27 5 16 7 32 3
4 12 9 188 25 9 88 7	2 13 5 14 7 11 16 20 15	13 5 14 7 11 16 20 15 3
4 77 78 97 7	2 39 5 40 7 11	39 5 40 7 11 3
4 307 9 188 14 9 124 372 25 9 273 7	2 45 5 14 7 11 16 20 18	45 5 14 7 11 16 20 18 3
4 32 265 69 252 7	2 61 7 62 11 11 48 20 20	61 7 62 11 11 48 20 20 3
4 35 25 9 140 15 7	2 27 5 16 7 12	27 5 16 7 12 3
4 147 73 32 35 25 9 26 27 7	2 27 20 14 7 7 16 12 26	27 20 14 7 7 16 12 26 3
4 35 42 25 9 373 37 265 9 374 286 7	2 27 5 48 7 7 16 11 12 23 61 17 62 26 18	27 5 48 7 7 16 11 12 23 61 17 62 26 18 3
4 9 375 34 14 9 19 51 7	2 24 11 14 5 7 25 20 17	24 11 14 5 7 25 20 17 3
4 376 186 69 7	2 61 5 62 7 11	61 5 62 7 11 3
4 68 149 377 107 9 87 7	2 21 5 14 7 11 44 20 15	21 5 14 7 11 44 20 15 3
4 49 9 13 16 9 228 7	2 13 5 14 7 11 16 20 15	13 5 14 7 11 16 20 15 3
4 35 25 9 28 37 101 102 9 71 7	2 27 5 16 7 20 23 39 15 40 17 22	27 5 16 7 20 23 39 15 40 17 22 3
4 258 9 188 25 9 140 27 7	2 13 5 14 7 11 16 20 17	13 5 14 7 11 16 20 17 3
4 150 255 9 15 37 378 9 85 14 39 7	2 58 5 59 7 20 23 46 15 14 17 26 16 22 18	58 5 59 7 20 23 46 15 14 17 26 16 22 18 3
4 35 25 9 88 37 379 9 136 16 9 71 14 9 100 7	2 27 5 16 7 20 23 69 15 70 17 38	27 5 16 7 20 23 69 15 70 17 38 3
4 292 69 9 111 32 7	2 66 5 67 7 7 14 11 20	66 5 67 7 7 14 11 20 3
4 150 255 380 7	2 58 5 59 7 11	58 5 59 7 11 3
4 35 25 9 88 37 168 9 71 14 9 100 7	2 27 5 16 7 20 23 46 15 14 17 26 16 22 32	27 5 16 7 20 23 46 15 14 17 26 16 22 32 3
4 35 25 9 88 37 12 9 136 16 9 71 14 9 100 7	2 27 5 16 7 20 23 13 15 14 17 32 16 33 38	27 5 16 7 20 23 13 15 14 17 32 16 33 38 3
4 254 9 270 20 9 67 55 7	2 57 5 16 7 11 35 20 17	57 5 16 7 11 35 20 17 3
4 254 9 381 382 383 7	2 57 5 16 7 11 35 20 12	57 5 16 7 11 35 20 12 3
4 322 384 107 9 385 386 7	2 60 5 64 7 7 16 11 15	60 5 64 7 7 16 11 15 3
4 387 9 52 107 9 262 37 292 69 9 138 7	2 57 5 16 7 11 35 20 15 23 66 26 67 22 22 14 18 32	57 5 16 7 11 35 20 15 23 66 26 67 22 22 14 18 32 3
4 75 388 9 389 25 9 200 32 7	2 60 7 64 11 20 16 12 17	60 7 64 11 20 16 12 17 3
4 254 9 54 32 7	2 57 5 16 7 20	57 5 16 7 20 3
4 225 9 30 186 69 7	2 58 5 59 7 11	58 5 59 7 11 3
4 75 168 9 71 14 9 100 7	2 46 7 14 11 20 16 12 17	46 7 14 11 20 16 12 17 3
4 75 292 390 144 110 7	2 66 7 67 11 11 14 20 12	66 7 67 11 11 14 20 12 3
4 75 254 9 270 58 9 52 55 7	2 57 7 16 11 20 35 12 26	57 7 16 11 20 35 12 26 3
4 75 322 9 30 107 9 386 7	2 60 7 64 11 20 16 12 17	60 7 64 11 20 16 12 17 3
4 75 322 384 107 9 385 391 7	2 60 7 64 11 11 16 20 17	60 7 64 11 11 16 20 17 3
4 75 151 9 85 14 9 392 37 84 39 7	2 21 7 14 11 17 23 29 22 30 18 18	21 7 14 11 17 23 29 22 30 18 18 3
4 75 292 69 9 89 90 37 38 8 9 61 32 7	2 66 7 67 11 11 14 20 15 23 8 26 9 22 22 10 18 32	66 7 67 11 11 14 20 15 23 8 26 9 22 22 10 18 32 3
4 75 32 257 9 93 25 9 393 386 7	2 60 11 64 20 12 16 15 22	60 11 64 20 12 16 15 22 3
4 75 32 379 9 13 16 9 18 14 9 15 7	2 69 11 70 20 32	69 11 70 20 32 3
4 257 9 394 395 25 9 200 7	2 60 5 64 7 20 16 12 17	60 5 64 7 20 16 12 17 3
4 35 25 9 52 37 12 9 18 16 9 129 14 9 15 7	2 27 5 16 7 20 23 21 15 14 17 38	27 5 16 7 20 23 21 15 14 17 38 3
4 32 254 9 88 252 5 19 37 5 8 9 61 7	2 57 7 16 11 20 48 12 12 23 4 15 6 17 17 23 8 22 9 18 18 10 32 33	57 7 16 11 20 48 12 12 23 4 15 6 17 17 23 8 22 9 18 18 10 32 33 3
4 32 151 9 99 14 9 100 57 9 26 27 7	2 21 7 14 11 32	21 7 14 11 32 3
4 35 25 9 26 27 37 379 9 396 16 9 29 14 9 28 7	2 27 5 16 7 12 23 69 17 70 26 34	27 5 16 7 12 23 69 17 70 26 34 3
4 257 25 9 397 32 7	2 60 5 16 7 20	60 5 16 7 20 3
4 387 9 140 27 107 9 26 27 7	2 57 5 16 7 20 35 12 26	57 5 16 7 20 35 12 26 3
4 151 9 99 14 9 100 57 9 88 7	2 21 5 14 7 22	21 5 14 7 22 3
4 35 25 9 26 27 37 12 9 13 16 9 71 14 9 91 7	2 27 5 16 7 12 23 13 17 14 26 33 16 42 34	27 5 16 7 12 23 13 17 14 26 33 16 42 34 3
4 32 75 257 9 398 25 9 386 7	2 60 11 64 20 12 16 15 26	60 11 64 20 12 16 15 26 3
4 65 25 9 140 27 37 12 9 399 16 9 97 14 9 15 7	2 27 5 16 7 12 23 13 17 14 26 22 16 18 34	27 5 16 7 12 23 13 17 14 26 22 16 18 34 3
4 379 9 13 14 9 15 16 9 17 18 7	2 69 5 70 7 18	69 5 70 7 18 3
4 150 255 400 7	2 58 5 59 7 11	58 5 59 7 11 3
4 65 25 9 52 37 379 9 401 16 9 214 14 9 15 7	2 27 5 16 7 20 23 69 15 70 17 38	27 5 16 7 20 23 69 15 70 17 38 3
4 151 9 29 16 9 30 14 9 15 7	2 21 5 14 7 22	21 5 14 7 22 3
4 65 25 9 88 37 12 9 402 16 9 93 14 9 100 7	2 27 5 16 7 20 23 21 15 14 17 38	27 5 16 7 20 23 21 15 14 17 38 3
4 35 25 9 52 37 150 255 9 127 7	2 27 5 16 7 20 23 58 15 59 17 22	27 5 16 7 20 23 58 15 59 17 22 3
4 35 25 9 262 37 12 9 403 16 9 85 14 9 389 7	2 27 5 16 7 20 23 13 15 14 17 26 16 22 38	27 5 16 7 20 23 13 15 14 17 26 16 22 38 3
4 150 102 400 7	2 39 5 40 7 11	39 5 40 7 11 3
4 151 9 99 14 9 28 57 9 26 27 7	2 21 5 14 7 18	21 5 14 7 18 3
4 75 147 73 376 25 9 330 186 69 7	2 27 20 14 11 11 16 12 17	27 20 14 11 11 16 12 17 3
4 75 147 73 404 69 78 240 97 7	2 66 20 71 11 11 67 12 12 14 15 26	66 20 71 11 11 67 12 12 14 15 26 3
4 75 147 73 5 149 93 14 7	2 8 20 37 11 11 10 12 15 9 17 17	8 20 37 11 11 10 12 15 9 17 17 3
4 75 147 73 12 69 25 9 405 27 7	2 13 20 37 11 11 14 12 12 16 15 22	13 20 37 11 11 14 12 12 16 15 22 3
4 75 147 73 66 9 81 82 7	2 54 20 37 11 11 56 12 17	54 20 37 11 11 56 12 17 3
4 75 147 73 49 69 9 277 7	2 13 20 37 11 11 36 12 12 14 15 17	13 20 37 11 11 36 12 12 14 15 17 3
4 75 147 73 5 9 45 14 7	2 8 20 37 11 11 10 12 15 9 17 17	8 20 37 11 11 10 12 15 9 17 17 3
4 75 147 73 404 69 78 97 7	2 66 20 71 11 11 67 12 12 14 15 17	66 20 71 11 11 67 12 12 14 15 17 3
4 75 147 73 404 69 9 89 102 9 96 7	2 66 20 71 11 11 67 12 12 14 15 17 72 26 18	66 20 71 11 11 67 12 12 14 15 17 72 26 18 3
4 75 147 73 5 9 96 14 7	2 8 20 37 11 11 10 12 15 9 17 17	8 20 37 11 11 10 12 15 9 17 17 3
4 406 8 9 407 7	2 8 5 9 7 7 10 11 20	8 5 9 7 7 10 11 20 3
4 75 147 73 66 9 408 7	2 54 20 37 11 11 56 12 15	54 20 37 11 11 56 12 15 3
4 75 147 73 66 9 405 27 135 7	2 54 20 37 11 11 56 12 26	54 20 37 11 11 56 12 26 3
4 409 44 9 81 82 34 410 7	2 29 5 30 11 12 31 15 17	29 5 30 11 12 31 15 17 3
4 5 14 9 96 7	2 8 5 9 7 7 10 11 20	8 5 9 7 7 10 11 20 3
4 75 147 73 411 412 9 127 413 7	2 54 12 37 11 11 73 20 20 55 15 26	54 12 37 11 11 73 20 20 55 15 26 3
4 75 376 186 69 25 9 26 27 7	2 61 7 62 11 20 16 12 26	61 7 62 11 20 16 12 26 3
4 32 66 9 414 299 7	2 54 7 56 11 12	54 7 56 11 12 3
4 32 304 415 9 29 7	2 21 7 14 20 12	21 7 14 20 12 3
4 409 44 9 11 34 14 7	2 29 5 30 11 20 31 12 15	29 5 30 11 20 31 12 15 3
4 75 147 73 68 69 78 18 95 108 107 9 52 7	2 13 20 37 11 11 36 12 12 14 15 22 44 18 33	13 20 37 11 11 36 12 12 14 15 22 44 18 33 3
4 83 73 128 9 416 32 7	2 54 11 37 7 7 55 20 12	54 11 37 7 7 55 20 12 3
4 83 73 120 9 126 14 9 15 32 7	2 45 11 37 7 7 14 20 12 16 15 26	45 11 37 7 7 14 20 12 16 15 26 3
4 147 73 5 9 274 14 7	2 8 11 37 7 7 10 20 12 9 15 15	8 11 37 7 7 10 20 12 9 15 15 3
4 49 69 78 234 107 9 330 7	2 13 5 36 7 7 14 11 20 44 12 17	13 5 36 7 7 14 11 20 44 12 17 3
4 49 69 78 399 107 9 417 7	2 13 5 36 7 7 14 11 20 44 12 17	13 5 36 7 7 14 11 20 44 12 17 3
4 147 73 120 9 123 57 9 81 82 7	2 45 11 37 7 7 14 20 12 16 15 22	45 11 37 7 7 14 20 12 16 15 22 3
4 83 73 38 14 149 93 32 7	2 8 11 37 7 7 9 20 20 10 12 15	8 11 37 7 7 9 20 20 10 12 15 3
4 83 73 309 149 158 14 9 418 419 32 7	2 45 11 37 7 7 14 20 12 16 15 22	45 11 37 7 7 14 20 12 16 15 22 3
4 171 420 421 38 8 9 365 32 7	2 8 20 9 12 12 10 15 17	8 20 9 12 12 10 15 17 3
4 83 73 120 9 126 14 9 117 15 7	2 45 11 37 7 7 14 20 12 16 15 22	45 11 37 7 7 14 20 12 16 15 22 3
4 83 73 49 149 108 221 9 88 7	2 13 11 37 7 7 14 20 12 16 15 26	13 11 37 7 7 14 20 12 16 15 26 3
4 128 9 422 57 9 26 27 7	2 54 5 55 7 17	54 5 55 7 17 3
4 83 73 120 149 158 14 9 81 423 32 7	2 45 11 37 7 7 14 20 12 16 15 22	45 11 37 7 7 14 20 12 16 15 22 3
4 171 420 424 35 25 9 52 7	2 27 20 16 12 17	27 20 16 12 17 3
4 83 73 5 14 149 250 7	2 8 11 37 7 7 9 20 20 10 12 15	8 11 37 7 7 9 20 20 10 12 15 3
4 147 73 5 9 425 57 9 274 14 7	2 8 11 37 7 7 10 20 26 9 22 22	8 11 37 7 7 10 20 26 9 22 22 3
4 35 25 9 277 37 43 102 426 427 7	2 27 5 16 7 20 23 29 15 74 17 22	27 5 16 7 20 23 29 15 74 17 22 3
4 75 147 73 49 69 78 165 7	2 13 20 37 11 11 36 12 12 14 15 17	13 20 37 11 11 36 12 12 14 15 17 3
4 171 172 144 182 183 147 73 68 69 144 7	2 13 26 37 17 17 36 22 22 14 18 18	13 26 37 17 17 36 22 22 14 18 18 3
4 43 44 9 428 34 14 7	2 29 5 30 11 20 31 12 15	29 5 30 11 20 31 12 15 3
4 83 73 5 14 9 96 32 7	2 8 11 37 7 7 9 20 20 10 12 15	8 11 37 7 7 9 20 20 10 12 15 3
4 43 9 429 82 102 426 427 7	2 29 5 30 7 20 74 12 17	29 5 30 7 20 74 12 17 3
4 77 9 165 37 120 39 14 9 15 7	2 39 5 40 7 11 23 45 12 14 15 15 16 17 22	39 5 40 7 11 23 45 12 14 15 15 16 17 22 3
4 49 69 149 377 7	2 13 5 36 7 7 14 11 20	13 5 36 7 7 14 11 20 3
4 75 147 73 66 9 135 7	2 54 20 37 11 11 56 12 15	54 20 37 11 11 56 12 15 3
4 75 147 73 49 69 149 430 229 107 9 88 7	2 13 20 37 11 11 36 12 12 14 15 26 44 22 32	13 20 37 11 11 36 12 12 14 15 26 44 22 32 3
4 49 69 149 289 7	2 13 5 36 7 7 14 11 20	13 5 36 7 7 14 11 20 3
4 77 9 129 95 108 37 108 9 431 7	2 39 5 40 7 12	39 5 40 7 12 3
4 43 44 173 233 158 57 9 81 82 7	2 29 5 30 11 22 23 24 11 14 12 12 25 15 22	29 5 30 11 22 23 24 11 14 12 12 25 15 22 3
4 35 25 9 405 27 7	2 27 5 16 7 12	27 5 16 7 12 3
4 171 191 25 225 30 49 69 9 89 7	2 13 15 36 17 17 14 26 22	13 15 36 17 17 14 26 22 3
4 49 69 9 89 139 7	2 13 5 36 7 7 14 11 12	13 5 36 7 7 14 11 12 3
4 12 9 188 14 9 15 57 9 26 27 7	2 21 5 14 7 18	21 5 14 7 18 3
4 12 149 121 107 9 121 432 57 149 88 7	2 21 5 14 7 11 44 20 18	21 5 14 7 11 44 20 18 3
4 49 69 9 289 107 9 175 7	2 13 5 36 7 7 14 11 20 44 12 17	13 5 36 7 7 14 11 20 44 12 17 3
4 171 191 25 433 57 9 274 147 73 5 39 14 7	2 8 18 37 22 22 10 32 32 9 33 33	8 18 37 22 22 10 32 32 9 33 33 3
4 35 25 9 91 37 49 69 149 93 7	2 27 5 16 7 20 23 13 15 36 17 17 14 26 22	27 5 16 7 20 23 13 15 36 17 17 14 26 22 3
4 77 9 289 7	2 39 5 40 7 11	39 5 40 7 11 3
4 171 172 144 434 83 73 12 69 144 7	2 13 17 37 15 15 36 26 26 14 22 22	13 17 37 15 15 36 26 26 14 22 22 3
4 68 149 435 107 9 436 7	2 21 5 14 7 11 44 20 15	21 5 14 7 11 44 20 15 3
4 49 69 149 13 107 9 15 7	2 13 5 36 7 7 14 11 20 44 12 17	13 5 36 7 7 14 11 20 44 12 17 3
4 49 9 105 25 9 330 7	2 13 5 14 7 11 16 20 15	13 5 14 7 11 16 20 15 3
4 75 147 73 437 149 93 435 7	2 8 20 37 11 11 10 12 17	8 20 37 11 11 10 12 17 3
4 75 147 73 5 9 438 45 14 7	2 8 20 37 11 11 10 12 17 9 26 26	8 20 37 11 11 10 12 17 9 26 26 3
4 49 163 9 439 440 7	2 13 5 51 7 7 14 11 12	13 5 51 7 7 14 11 12 3
4 35 441 25 9 26 27 7	2 27 5 16 7 15	27 5 16 7 15 3
4 265 69 25 9 54 7	2 61 5 62 7 7 16 11 12	61 5 62 7 7 16 11 12 3
4 171 176 177 144 442 443 147 73 68 69 144 442 443 7	2 13 22 37 26 26 36 18 18 14 32 42	13 22 37 26 26 36 18 18 14 32 42 3
4 68 69 149 444 14 9 334 15 7	2 13 5 36 7 7 14 11 20 44 12 26	13 5 36 7 7 14 11 20 44 12 26 3
4 83 73 32 5 14 9 30 7	2 8 20 37 7 7 9 12 12 10 15 17	8 20 37 7 7 9 12 12 10 15 17 3
4 147 73 32 12 445 9 446 7	2 13 20 37 7 7 16 12 12 14 15 17	13 20 37 7 7 16 12 12 14 15 17 3
4 147 73 120 9 447 57 9 81 82 7	2 45 11 37 7 7 14 20 12 16 15 22	45 11 37 7 7 14 20 12 16 15 22 3
4 12 9 29 16 9 15 255 76 6 7	2 21 5 14 7 22	21 5 14 7 22 3
4 83 73 304 415 9 277 7	2 21 11 37 7 7 14 12 15	21 11 37 7 7 14 12 15 3
4 68 78 399 107 9 175 7	2 21 5 14 7 11 44 20 15	21 5 14 7 11 44 20 15 3
4 171 176 177 144 448 147 73 68 69 144 7	2 13 26 37 17 17 36 22 22 14 18 18	13 26 37 17 17 36 22 22 14 18 18 3
4 68 69 149 121 7	2 13 5 36 7 7 14 11 20	13 5 36 7 7 14 11 20 3
4 171 176 177 25 449 193 450 165 147 73 49 69 178 7	2 13 32 37 18 18 36 33 33 14 42 42	13 32 37 18 18 36 33 33 14 42 42 3
4 49 9 123 25 9 274 7	2 13 5 14 7 11 16 20 15	13 5 14 7 11 16 20 15 3
4 12 9 93 16 9 15 95 9 140 27 7	2 21 5 14 7 18	21 5 14 7 18 3
4 75 147 73 404 69 9 96 89 7	2 66 20 71 11 11 67 12 12 14 15 26	66 20 71 11 11 67 12 12 14 15 26 3
4 49 9 451 25 9 274 7	2 13 5 14 7 11 16 20 15	13 5 14 7 11 16 20 15 3
4 171 452 201 177 25 12 78 274 83 73 5 9 274 14 7	2 8 32 37 18 18 10 33 42 9 38 38	8 32 37 18 18 10 33 42 9 38 38 3
4 68 69 149 289 7	2 13 5 36 7 7 14 11 20	13 5 36 7 7 14 11 20 3
4 5 14 9 453 7	2 8 5 9 7 7 10 11 20	8 5 9 7 7 10 11 20 3
4 309 149 377 57 9 87 57 149 88 7	2 45 5 14 7 11 16 20 22	45 5 14 7 11 16 20 22 3
4 454 9 455 7	2 8 5 10 7 11	8 5 10 7 11 3
4 150 102 9 289 7	2 39 5 40 7 20	39 5 40 7 20 3
4 32 12 149 328 25 9 405 27 7	2 13 7 14 11 20 16 12 26	13 7 14 11 20 16 12 26 3
4 120 9 129 57 9 329 7	2 45 5 14 7 11 16 20 15	45 5 14 7 11 16 20 15 3
4 66 9 417 7	2 54 5 56 7 11	54 5 56 7 11 3
4 38 14 9 30 7	2 8 5 9 7 7 10 11 20	8 5 9 7 7 10 11 20 3
4 5 14 9 456 7	2 8 5 9 7 7 10 11 20	8 5 9 7 7 10 11 20 3
4 5 8 9 407 7	2 8 5 9 7 7 10 11 20	8 5 9 7 7 10 11 20 3
4 120 9 147 57 9 328 7	2 45 5 14 7 11 16 20 15	45 5 14 7 11 16 20 15 3
4 32 66 9 284 7	2 54 7 56 11 20	54 7 56 11 20 3
4 32 128 9 413 7	2 54 7 55 11 20	54 7 55 11 20 3
4 120 9 147 57 9 329 7	2 45 5 14 7 11 16 20 15	45 5 14 7 11 16 20 15 3
4 5 8 9 365 37 5 8 9 435 7	2 8 5 9 7 7 10 11 20 23 8 15 9 17 17 10 26 22	8 5 9 7 7 10 11 20 23 8 15 9 17 17 10 26 22 3
4 457 9 458 7	2 8 5 10 7 11	8 5 10 7 11 3
4 12 9 105 107 9 459 37 120 39 14 9 117 15 7	2 21 5 14 7 11 44 20 15 23 45 26 14 22 22 16 18 42	21 5 14 7 11 44 20 15 23 45 26 14 22 22 16 18 42 3
4 75 147 73 49 69 78 289 7	2 13 20 37 11 11 36 12 12 14 15 17	13 20 37 11 11 36 12 12 14 15 17 3
4 187 233 35 25 9 405 27 7	2 27 11 14 7 7 16 20 17	27 11 14 7 7 16 20 17 3
4 187 233 12 9 123 25 9 52 7	2 13 11 37 7 7 14 20 12 16 15 26	13 11 37 7 7 14 20 12 16 15 26 3
4 75 147 73 49 69 9 29 7	2 13 20 37 11 11 36 12 12 14 15 17	13 20 37 11 11 36 12 12 14 15 17 3
4 12 9 129 107 9 15 37 460 39 25 108 9 431 7	2 21 5 14 7 11 44 20 15	21 5 14 7 11 44 20 15 3
4 12 9 156 25 9 88 7	2 13 5 14 7 11 16 20 15	13 5 14 7 11 16 20 15 3
4 187 233 35 25 9 461 88 7	2 27 11 14 7 7 16 20 17	27 11 14 7 7 16 20 17 3
4 120 9 97 14 9 253 7	2 45 5 14 7 11 16 20 15	45 5 14 7 11 16 20 15 3
4 75 147 73 120 9 30 14 7	2 8 20 37 11 11 10 12 15 9 17 17	8 20 37 11 11 10 12 15 9 17 17 3
4 75 147 73 120 9 413 166 9 462 170 7	2 54 20 37 11 11 55 12 15 73 17 18	54 20 37 11 11 55 12 15 73 17 18 3
4 120 9 463 57 9 124 7	2 45 5 14 7 11 16 20 15	45 5 14 7 11 16 20 15 3
4 187 233 35 68 149 13 57 9 26 27 7	2 21 20 14 12 18	21 20 14 12 18 3
4 9 328 464 25 35 445 83 73 12 39 445 32 7	2 13 22 37 26 26 14 18 18 16 32 32	13 22 37 26 26 14 18 18 16 32 32 3
4 150 102 149 465 57 9 140 27 7	2 39 5 40 7 20 30 12 26	39 5 40 7 20 30 12 26 3
4 32 120 9 13 14 9 15 57 9 140 27 7	2 45 7 14 11 20 16 12 32	45 7 14 11 20 16 12 32 3
4 35 221 9 54 7	2 27 5 16 7 20	27 5 16 7 20 3
4 77 9 274 7	2 39 5 40 7 11	39 5 40 7 11 3
4 49 9 29 25 9 88 7	2 13 5 14 7 11 16 20 15	13 5 14 7 11 16 20 15 3
4 258 9 188 25 9 26 27 7	2 13 5 14 7 11 16 20 17	13 5 14 7 11 16 20 17 3
4 77 9 133 57 9 330 7	2 39 5 40 7 11 30 20 15	39 5 40 7 11 30 20 15 3
4 35 68 9 13 7	2 21 7 14 11 20	21 7 14 11 20 3
4 32 120 9 13 57 9 140 27 7	2 45 7 14 11 20 16 12 26	45 7 14 11 20 16 12 26 3
4 35 25 9 96 57 9 330 7	2 27 5 16 7 17	27 5 16 7 17 3
4 32 12 9 13 25 9 54 7	2 13 7 14 11 20 16 12 17	13 7 14 11 20 16 12 17 3
4 150 102 149 29 7	2 39 5 40 7 20	39 5 40 7 20 3
4 49 9 188 25 9 88 7	2 13 5 14 7 11 16 20 15	13 5 14 7 11 16 20 15 3
4 77 9 48 14 9 15 7	2 39 5 40 7 11 30 20 15	39 5 40 7 11 30 20 15 3
4 77 9 71 7	2 39 5 40 7 11	39 5 40 7 11 3
4 49 9 136 25 9 26 27 7	2 13 5 14 7 11 16 20 17	13 5 14 7 11 16 20 17 3
4 32 12 9 188 25 9 88 7	2 13 7 14 11 20 16 12 17	13 7 14 11 20 16 12 17 3
4 32 65 80 9 26 27 7	2 27 7 16 11 15	27 7 16 11 15 3
4 65 80 9 52 7	2 27 5 16 7 20	27 5 16 7 20 3
4 376 25 9 15 7	2 27 5 16 7 20	27 5 16 7 20 3
4 77 9 129 7	2 39 5 40 7 11	39 5 40 7 11 3
4 77 9 129 95 17 57 9 52 7	2 39 5 40 7 12 30 15 26	39 5 40 7 12 30 15 26 3
4 65 80 9 88 7	2 27 5 16 7 20	27 5 16 7 20 3
4 32 68 9 363 107 9 100 7	2 21 7 14 11 20 44 12 17	21 7 14 11 20 44 12 17 3
4 35 25 9 330 7	2 27 5 16 7 20	27 5 16 7 20 3
4 150 102 9 100 57 9 54 7	2 39 5 40 7 20 30 12 17	39 5 40 7 20 30 12 17 3
4 32 265 69 25 9 26 27 7	2 61 7 62 11 11 16 20 17	61 7 62 11 11 16 20 17 3
4 77 9 29 57 9 330 7	2 39 5 40 7 11 30 20 15	39 5 40 7 11 30 20 15 3
4 49 9 129 25 9 52 7	2 13 5 14 7 11 16 20 15	13 5 14 7 11 16 20 15 3
4 49 9 136 25 9 140 27 7	2 13 5 14 7 11 16 20 17	13 5 14 7 11 16 20 17 3
4 77 78 129 57 9 52 7	2 39 5 40 7 11 30 20 15	39 5 40 7 11 30 20 15 3
4 77 9 29 7	2 39 5 40 7 11	39 5 40 7 11 3
4 32 265 33 286 37 206 39 252 7	2 61 7 62 11 20 48 26 26	61 7 62 11 20 48 26 26 3
4 150 102 9 123 57 9 54 7	2 39 5 40 7 20 30 12 17	39 5 40 7 20 30 12 17 3
4 35 25 9 96 57 9 26 27 7	2 27 5 16 7 26	27 5 16 7 26 3
4 120 9 29 57 9 52 133 7	2 45 5 14 7 11 16 20 17	45 5 14 7 11 16 20 17 3
4 125 9 29 57 9 52 146 7	2 46 5 14 7 11 16 20 17	46 5 14 7 11 16 20 17 3
4 378 9 13 57 9 88 7	2 46 5 14 7 11 16 20 15	46 5 14 7 11 16 20 15 3
4 120 9 29 14 9 15 57 9 140 27 7	2 45 5 14 7 11 16 20 18	45 5 14 7 11 16 20 18 3
4 12 9 29 25 9 88 7	2 13 5 14 7 11 16 20 15	13 5 14 7 11 16 20 15 3
4 120 9 129 14 9 15 57 9 330 7	2 45 5 14 7 11 16 20 22	45 5 14 7 11 16 20 22 3
4 120 9 129 14 9 15 57 9 140 27 7	2 45 5 14 7 11 16 20 18	45 5 14 7 11 16 20 18 3
4 12 9 29 25 9 54 7	2 13 5 14 7 11 16 20 15	13 5 14 7 11 16 20 15 3
4 12 9 129 25 9 140 27 7	2 13 5 14 7 11 16 20 17	13 5 14 7 11 16 20 17 3
4 101 102 78 71 57 9 26 27 7	2 39 5 40 7 20 30 12 26	39 5 40 7 20 30 12 26 3
4 12 9 129 25 9 52 7	2 13 5 14 7 11 16 20 15	13 5 14 7 11 16 20 15 3
4 101 102 9 133 57 9 330 7	2 39 5 40 7 20 30 12 17	39 5 40 7 20 30 12 17 3
4 12 9 136 221 9 88 7	2 13 5 14 7 11 16 20 15	13 5 14 7 11 16 20 15 3
4 101 102 9 129 7	2 39 5 40 7 20	39 5 40 7 20 3
4 12 9 13 25 9 88 7	2 13 5 14 7 11 16 20 15	13 5 14 7 11 16 20 15 3
4 322 107 9 466 7	2 60 5 16 7 20	60 5 16 7 20 3
4 292 69 178 194 107 9 15 7	2 66 5 67 7 7 14 11 17	66 5 67 7 7 14 11 17 3
4 77 9 10 126 7	2 39 5 40 7 20	39 5 40 7 20 3
4 35 25 9 87 95 9 140 27 7	2 27 5 16 7 26	27 5 16 7 26 3
4 32 77 9 100 7	2 39 7 40 11 20	39 7 40 11 20 3
4 49 69 9 129 7	2 13 5 36 7 7 14 11 20	13 5 36 7 7 14 11 20 3
4 49 9 13 25 9 140 27 7	2 13 5 14 7 11 16 20 17	13 5 14 7 11 16 20 17 3
4 32 77 9 15 57 9 88 7	2 39 7 40 11 20 30 12 17	39 7 40 11 20 30 12 17 3
4 35 25 9 146 7	2 27 5 16 7 20	27 5 16 7 20 3
4 77 467 233 29 7	2 39 5 40 7 20	39 5 40 7 20 3
4 35 25 9 154 7	2 27 5 16 7 20	27 5 16 7 20 3
4 265 468 252 7	2 61 5 62 7 7 48 11 11	61 5 62 7 7 48 11 11 3
4 77 149 209 14 9 100 57 9 88 7	2 39 5 40 7 11 30 20 22	39 5 40 7 11 30 20 22 3
4 49 9 129 25 9 91 7	2 13 5 14 7 11 16 20 15	13 5 14 7 11 16 20 15 3
4 49 9 129 25 9 54 124 7	2 13 5 14 7 11 16 20 17	13 5 14 7 11 16 20 17 3
4 77 9 100 57 9 54 7	2 39 5 40 7 11 30 20 15	39 5 40 7 11 30 20 15 3
4 265 298 252 7	2 61 5 62 7 7 48 11 11	61 5 62 7 7 48 11 11 3
4 35 25 140 27 7	2 27 5 16 7 20	27 5 16 7 20 3
4 68 9 29 37 12 39 25 9 54 7	2 21 5 14 7 11 23 13 12 14 15 15 16 17 22	21 5 14 7 11 23 13 12 14 15 15 16 17 22 3
4 469 9 96 255 9 6 95 9 470 7	2 8 5 10 7 22	8 5 10 7 22 3
4 77 9 15 57 9 88 7	2 39 5 40 7 11 30 20 15	39 5 40 7 11 30 20 15 3
4 35 77 9 13 7	2 39 7 40 11 20	39 7 40 11 20 3
4 35 25 330 7	2 27 5 16 7 11	27 5 16 7 11 3
4 120 9 13 14 9 100 7	2 45 5 14 7 11 16 20 15	45 5 14 7 11 16 20 15 3
4 265 9 271 57 9 153 346 7	2 61 5 62 7 17	61 5 62 7 17 3
4 35 16 9 91 7	2 27 5 16 7 20	27 5 16 7 20 3
4 35 221 9 140 27 186 9 129 7	2 27 5 16 7 12	27 5 16 7 12 3
4 32 263 252 25 9 52 7	2 27 7 48 11 11 16 20 15	27 7 48 11 11 16 20 15 3
4 5 8 9 455 7	2 8 5 9 7 7 10 11 20	8 5 9 7 7 10 11 20 3
4 12 50 25 9 51 15 7	2 13 5 14 7 7 16 11 15	13 5 14 7 7 16 11 15 3
4 12 9 129 95 108 14 9 15 7	2 21 5 14 7 26	21 5 14 7 26 3
4 32 35 25 9 52 37 84 9 124 7	2 27 7 16 11 12 23 29 17 30 26 22	27 7 16 11 12 23 29 17 30 26 22 3
4 139 9 471 32 7	2 29 5 30 7 11	29 5 30 7 11 3
4 5 19 7	2 4 5 6 7 7	4 5 6 7 7 3
4 75 147 73 49 69 78 275 289 7	2 13 20 37 11 11 36 12 12 14 15 26	13 20 37 11 11 36 12 12 14 15 26 3
4 150 102 149 29 57 9 54 37 9 88 7	2 39 5 40 7 20 30 12 18	39 5 40 7 20 30 12 18 3
4 12 9 129 25 9 88 7	2 13 5 14 7 11 16 20 15	13 5 14 7 11 16 20 15 3
4 35 25 9 26 27 7	2 27 5 16 7 12	27 5 16 7 12 3
4 265 69 252 7	2 61 5 62 7 7 48 11 11	61 5 62 7 7 48 11 11 3
4 75 65 25 76 6 37 77 9 85 7	2 27 7 6 11 12 23 39 17 40 26 22	27 7 6 11 12 23 39 17 40 26 22 3
4 83 73 84 9 85 86 9 30 7	2 29 11 41 7 7 30 20 26	29 11 41 7 7 30 20 26 3
4 12 9 85 107 9 15 25 9 52 7	2 13 5 14 7 11 44 20 15 16 17 22	13 5 14 7 11 44 20 15 16 17 22 3
4 147 73 65 78 472 473 25 9 6 7	2 27 11 14 7 7 75 20 15 51 17 22	27 11 14 7 7 75 20 15 51 17 22 3
4 12 9 94 474 107 9 131 7	2 21 5 14 7 20 44 12 17	21 5 14 7 20 44 12 17 3
4 12 9 475 147 14 9 52 15 7	2 21 5 14 7 26	21 5 14 7 26 3
4 254 9 55 95 9 52 7	2 57 5 16 7 15	57 5 16 7 15 3
4 147 73 35 25 9 54 32 7	2 27 11 14 7 7 16 20 15	27 11 14 7 7 16 20 15 3
4 35 25 9 52 37 12 9 97 32 7	2 27 5 16 7 20 23 21 15 14 17 26	27 5 16 7 20 23 21 15 14 17 26 3
4 32 75 12 9 85 14 9 15 14 9 91 7	2 13 11 14 20 26 16 22 32	13 11 14 20 26 16 22 32 3
4 75 12 9 85 14 9 392 37 84 39 7	2 21 7 14 11 17 23 29 22 30 18 18	21 7 14 11 17 23 29 22 30 18 18 3
4 35 57 287 95 9 476 7	2 27 5 16 7 15	27 5 16 7 15 3
4 77 9 96 7	2 39 5 40 7 11	39 5 40 7 11 3
4 5 8 9 30 7	2 8 5 9 7 7 10 11 20	8 5 9 7 7 10 11 20 3
4 35 25 9 54 37 150 255 9 127 7	2 27 5 16 7 20 23 58 15 59 17 22	27 5 16 7 20 23 58 15 59 17 22 3
4 35 36 25 9 30 37 5 39 14 7	2 27 5 16 7 12 23 8 17 10 26 26 9 22 22	27 5 16 7 12 23 8 17 10 26 26 9 22 22 3
4 32 35 36 25 9 30 37 38 39 14 7	2 27 7 16 11 15 23 8 26 10 22 22 9 18 18	27 7 16 11 15 23 8 26 10 22 22 9 18 18 3
4 65 25 9 54 20 53 9 66 55 7	2 27 5 16 7 20 35 12 22	27 5 16 7 20 35 12 22 3
4 65 25 9 52 20 53 9 16 55 7	2 27 5 16 7 20 16 12 22	27 5 16 7 20 16 12 22 3
4 35 16 9 11 37 38 39 14 32 7	2 27 5 16 7 20 23 8 15 10 17 17 9 26 26	27 5 16 7 20 23 8 15 10 17 17 9 26 26 3
4 35 25 9 11 37 5 39 8 7	2 27 5 16 7 20 23 8 15 10 17 17 9 26 26	27 5 16 7 20 23 8 15 10 17 17 9 26 26 3
4 72 73 84 9 85 16 9 11 7	2 29 11 41 7 7 30 20 26	29 11 41 7 7 30 20 26 3
4 147 73 84 9 85 16 9 30 7	2 29 11 41 7 7 30 20 26	29 11 41 7 7 30 20 26 3
4 147 73 84 9 87 57 287 95 9 30 7	2 29 11 41 7 7 30 20 18	29 11 41 7 7 30 20 18 3
4 32 72 73 84 9 85 57 287 95 9 11 7	2 29 20 41 11 11 30 12 32	29 20 41 11 11 30 12 32 3
4 84 9 85 33 34 57 9 88 7	2 29 5 30 7 11 23 24 12 14 20 20 25 15 26	29 5 30 7 11 23 24 12 14 20 20 25 15 26 3
4 150 102 149 121 57 9 52 37 9 26 27 7	2 39 5 40 7 20 30 12 18	39 5 40 7 20 30 12 18 3
4 150 102 149 136 29 57 9 52 7	2 39 5 40 7 12 30 15 26	39 5 40 7 12 30 15 26 3
4 150 102 149 136 29 57 9 26 27 7	2 39 5 40 7 12 30 15 22	39 5 40 7 12 30 15 22 3
4 147 73 65 78 473 25 9 19 7	2 27 11 14 7 7 75 20 12 51 15 26	27 11 14 7 7 75 20 12 51 15 26 3
4 147 73 65 78 472 473 25 9 19 7	2 27 11 14 7 7 75 20 15 51 17 22	27 11 14 7 7 75 20 15 51 17 22 3
4 147 73 65 78 473 57 40 7	2 27 11 14 7 7 75 20 12 51 15 17	27 11 14 7 7 75 20 12 51 15 17 3
4 147 73 65 16 9 30 7	2 27 11 14 7 7 51 20 15	27 11 14 7 7 51 20 15 3
4 263 310 25 9 54 7	2 27 5 48 7 7 16 11 12	27 5 48 7 7 16 11 12 3
4 263 252 25 9 26 27 7	2 27 5 48 7 7 16 11 15	27 5 48 7 7 16 11 15 3
4 35 25 9 28 37 12 9 71 7	2 27 5 16 7 20 23 21 15 14 17 26	27 5 16 7 20 23 21 15 14 17 26 3
4 5 19 20 21 31 23 7	2 4 5 6 7 7 19 11 15	4 5 6 7 7 19 11 15 3
4 5 19 20 31 23 7	2 4 5 6 7 7 19 11 12	4 5 6 7 7 19 11 12 3
4 5 6 20 21 22 23 7	2 4 5 6 7 7 19 11 15	4 5 6 7 7 19 11 15 3
4 32 5 19 7	2 4 7 6 11 11	4 7 6 11 11 3
4 32 5 19 20 41 23 7	2 4 7 6 11 11 19 12 15	4 7 6 11 11 19 12 15 3
4 477 25 9 6 7	2 4 5 6 7 20	4 5 6 7 20 3
4 477 25 9 6 37 12 9 117 134 107 9 52 135 7	2 4 5 6 7 20 23 21 15 14 17 22 44 18 42	4 5 6 7 20 23 21 15 14 17 22 44 18 42 3
4 187 35 95 9 29 7	2 46 5 14 11 12	46 5 14 11 12 3
4 32 75 168 9 136 29 7	2 46 11 14 20 15	46 11 14 20 15 3
4 32 187 35 9 188 7	2 46 7 14 20 12	46 7 14 20 12 3
4 75 168 9 29 14 9 15 7	2 46 7 14 11 20 16 12 17	46 7 14 11 20 16 12 17 3
4 378 9 29 14 9 131 7	2 46 5 14 7 11 16 20 15	46 5 14 7 11 16 20 15 3
4 12 9 13 14 9 15 37 84 39 7	2 13 5 14 7 15 23 29 26 30 22 22	13 5 14 7 15 23 29 26 30 22 22 3
4 225 9 29 186 69 7	2 58 5 59 7 11	58 5 59 7 11 3
4 225 9 136 29 186 69 7	2 58 5 59 7 20	58 5 59 7 20 3
4 32 120 170 9 29 7	2 45 7 51 11 11 14 20 12	45 7 51 11 11 14 20 12 3
4 75 32 120 170 9 371 7	2 45 11 51 20 20 14 12 15	45 11 51 20 20 14 12 15 3
4 75 120 170 9 13 7	2 45 7 51 11 11 14 20 12	45 7 51 11 11 14 20 12 3
4 49 163 9 371 7	2 13 5 51 7 7 14 11 20	13 5 51 7 7 14 11 20 3
4 49 16 9 29 7	2 13 5 51 7 7 14 11 20	13 5 51 7 7 14 11 20 3
4 32 379 9 29 14 9 15 7	2 69 7 70 11 17	69 7 70 11 17 3
4 35 25 9 88 37 379 9 371 163 9 100 7	2 27 5 16 7 20 23 69 15 70 17 32	27 5 16 7 20 23 69 15 70 17 32 3
4 379 9 71 14 9 100 7	2 69 5 70 7 15	69 5 70 7 15 3
4 32 379 9 89 90 14 9 28 7	2 69 7 70 11 26	69 7 70 11 26 3
4 35 25 9 26 27 37 379 9 71 362 9 15 7	2 27 5 16 7 12 23 69 17 70 26 33	27 5 16 7 12 23 69 17 70 26 33 3
4 35 25 9 52 12 9 97 107 9 15 37 120 39 57 9 167 7	2 27 5 16 7 20 23 21 12 14 15 17 44 26 18 23 45 33 14 42 42 16 38 49	27 5 16 7 20 23 21 12 14 15 17 44 26 18 23 45 33 14 42 42 16 38 49 3
4 12 9 89 90 107 9 15 16 9 30 37 120 39 57 9 131 7	2 21 5 14 7 20 44 12 18 23 45 33 14 42 42 16 38 49	21 5 14 7 20 44 12 18 23 45 33 14 42 42 16 38 49 3
4 49 310 9 371 16 9 15 95 9 140 27 7	2 13 5 48 7 7 14 11 20 16 12 32	13 5 48 7 7 14 11 20 16 12 32 3
4 32 49 252 9 29 163 9 28 57 9 88 7	2 13 7 48 11 11 14 20 12 16 15 32	13 7 48 11 11 14 20 12 16 15 32 3
4 75 49 310 9 136 29 362 9 15 57 9 52 7	2 13 7 48 11 11 14 20 15 16 17 33	13 7 48 11 11 14 20 15 16 17 33 3
4 32 265 9 286 186 9 94 198 252 7	2 61 7 62 11 26 28 22 22	61 7 62 11 26 28 22 22 3
4 75 265 9 286 186 9 243 312 37 9 10 121 310 7	2 61 7 62 11 33 28 42 42	61 7 62 11 33 28 42 42 3
4 75 32 265 9 286 186 9 94 121 252 7	2 61 11 62 20 22 28 18 18	61 11 62 20 22 28 18 18 3
4 5 19 20 22 23 252 7	2 4 5 6 7 7 19 11 12 28 15 15	4 5 6 7 7 19 11 12 28 15 15 3
4 75 5 6 20 22 23 310 7	2 4 7 6 11 11 19 20 15 28 17 17	4 7 6 11 11 19 20 15 28 17 17 3
4 83 73 32 5 19 7	2 4 20 14 7 7 6 12 12	4 20 14 7 7 6 12 12 3
4 83 73 5 6 7	2 4 11 14 7 7 6 20 20	4 11 14 7 7 6 20 20 3
4 83 73 5 6 42 7	2 4 11 14 7 7 6 20 20 28 12 12	4 11 14 7 7 6 20 20 28 12 12 3
4 83 73 32 5 19 252 7	2 4 20 14 7 7 6 12 12 28 15 15	4 20 14 7 7 6 12 12 28 15 15 3
4 32 254 9 140 27 310 37 38 14 9 30 7	2 57 7 16 11 12 48 15 15 23 8 26 9 22 22 10 18 32	57 7 16 11 12 48 15 15 23 8 26 9 22 22 10 18 32 3
4 254 9 54 42 37 5 6 252 7	2 57 5 16 7 11 48 20 20 23 4 15 6 17 17 28 26 26	57 5 16 7 11 48 20 20 23 4 15 6 17 17 28 26 26 3
4 147 73 404 390 9 89 102 9 96 7	2 66 11 71 7 7 67 20 20 14 12 15 72 17 22	66 11 71 7 7 67 20 20 14 12 15 72 17 22 3
4 32 147 73 404 69 9 99 102 9 93 7	2 66 20 71 11 11 67 12 12 14 15 17 72 26 18	66 20 71 11 11 67 12 12 14 15 17 72 26 18 3
4 130 34 78 52 338 9 15 34 14 9 19 7	2 63 7 64 5 5 65 11 32 23 24 26 14 15 17 68 22 32	63 7 64 5 5 65 11 32 23 24 26 14 15 17 68 22 32 3
4 9 131 34 14 9 6 7	2 24 11 14 5 7 68 20 15	24 11 14 5 7 68 20 15 3
4 265 390 221 9 88 7	2 61 5 62 7 7 16 11 12	61 5 62 7 7 16 11 12 3
4 75 265 69 25 9 54 7	2 61 7 62 11 11 16 20 15	61 7 62 11 11 16 20 15 3
4 176 73 265 69 25 9 15 7	2 61 11 14 7 7 62 20 20 16 12 17	61 11 14 7 7 62 20 20 16 12 17 3
4 349 265 400 25 9 52 7	2 61 7 62 11 11 51 20 15	61 7 62 11 11 51 20 15 3
4 35 25 9 11 37 43 102 426 89 7	2 27 5 16 7 20 23 29 15 74 17 22	27 5 16 7 20 23 29 15 74 17 22 3
4 32 43 14 9 15 102 426 97 7	2 29 7 30 11 12 74 15 26	29 7 30 11 12 74 15 26 3
4 43 14 9 253 102 426 371 7	2 29 5 30 7 20 74 12 17	29 5 30 7 20 74 12 17 3
4 32 35 25 9 253 37 43 102 426 371 7	2 27 7 16 11 12 23 29 17 74 26 18	27 7 16 11 12 23 29 17 74 26 18 3
4 35 25 9 131 37 43 102 426 24 7	2 27 5 16 7 20 23 29 15 74 17 22	27 5 16 7 20 23 29 15 74 17 22 3
4 32 120 9 13 14 9 131 37 139 39 7	2 45 7 14 11 20 16 12 17 23 29 22 30 18 18	45 7 14 11 20 16 12 17 23 29 22 30 18 18 3
4 120 9 371 14 9 253 37 139 39 7	2 45 5 14 7 11 16 20 15 23 29 26 30 22 22	45 5 14 7 11 16 20 15 23 29 26 30 22 22 3
4 120 9 371 14 9 15 7	2 45 5 14 7 11 16 20 15	45 5 14 7 11 16 20 15 3
4 75 120 9 136 29 14 9 15 37 139 39 7	2 45 7 14 11 12 16 15 26 23 29 18 30 32 32	45 7 14 11 12 16 15 26 23 29 18 30 32 32 3
4 12 9 89 90 107 9 26 27 135 37 120 39 14 9 28 7	2 21 5 14 7 20 44 12 22 23 45 32 14 33 33 16 42 34	21 5 14 7 20 44 12 22 23 45 32 14 33 33 16 42 34 3
4 32 12 9 29 107 9 88 15 37 120 39 14 9 100 7	2 21 7 14 11 20 44 12 26 23 45 18 14 32 32 16 33 38	21 7 14 11 20 44 12 26 23 45 18 14 32 32 16 33 38 3
4 12 9 371 107 9 52 15 37 120 50 14 9 253 7	2 21 5 14 7 11 44 20 17 23 45 22 14 18 18 16 32 42	21 5 14 7 11 44 20 17 23 45 22 14 18 18 16 32 42 3
4 49 310 9 13 16 9 131 95 9 26 27 7	2 13 5 48 7 7 14 11 20 16 12 32	13 5 48 7 7 14 11 20 16 12 32 3
4 32 49 42 9 371 16 9 15 57 9 88 7	2 13 7 48 11 11 14 20 12 16 15 32	13 7 48 11 11 14 20 12 16 15 32 3
4 49 252 9 29 16 9 28 57 9 52 7	2 13 5 48 7 7 14 11 20 16 12 18	13 5 48 7 7 14 11 20 16 12 18 3
4 12 9 13 107 9 85 16 9 135 37 120 39 14 9 15 7	2 21 5 14 7 11 44 20 22 23 45 32 14 33 33 16 42 34	21 5 14 7 11 44 20 22 23 45 32 14 33 33 16 42 34 3
4 32 12 9 29 107 9 15 37 120 39 14 9 85 7	2 21 7 14 11 20 44 12 17 23 45 22 14 18 18 16 32 42	21 7 14 11 20 44 12 17 23 45 22 14 18 18 16 32 42 3
4 12 9 90 107 9 28 37 120 39 14 9 15 7	2 21 5 14 7 11 44 20 15 23 45 26 14 22 22 16 18 33	21 5 14 7 11 44 20 15 23 45 26 14 22 22 16 18 33 3
4 12 9 136 29 107 9 85 16 9 15 37 120 39 14 9 28 7	2 21 5 14 7 20 44 12 18 23 45 33 14 42 42 16 38 49	21 5 14 7 20 44 12 18 23 45 33 14 42 42 16 38 49 3
4 12 9 30 90 107 9 15 16 9 253 37 120 39 14 9 100 7	2 21 5 14 7 20 44 12 18 23 45 33 14 42 42 16 38 49	21 5 14 7 20 44 12 18 23 45 33 14 42 42 16 38 49 3
4 75 120 9 138 14 9 253 57 9 140 27 7	2 45 7 14 11 20 16 12 32	45 7 14 11 20 16 12 32 3
4 32 120 9 13 14 9 15 57 9 26 27 7	2 45 7 14 11 20 16 12 32	45 7 14 11 20 16 12 32 3
4 349 75 120 9 29 14 9 15 37 139 39 7	2 45 11 14 20 12 16 15 26 23 29 18 30 32 32	45 11 14 20 12 16 15 26 23 29 18 30 32 32 3
4 349 32 120 9 103 14 9 85 37 139 39 7	2 45 11 14 20 12 16 15 26 23 29 18 30 32 32	45 11 14 20 12 16 15 26 23 29 18 30 32 32 3
4 378 9 103 57 9 52 7	2 46 5 14 7 11 16 20 15	46 5 14 7 11 16 20 15 3
4 378 9 29 57 9 54 7	2 46 5 14 7 11 16 20 15	46 5 14 7 11 16 20 15 3
4 35 25 9 133 37 5 39 14 7	2 27 5 16 7 20 23 8 15 10 17 17 9 26 26	27 5 16 7 20 23 8 15 10 17 17 9 26 26 3
4 35 25 9 30 37 5 39 8 7	2 27 5 16 7 20 23 8 15 10 17 17 9 26 26	27 5 16 7 20 23 8 15 10 17 17 9 26 26 3
4 35 441 25 9 140 27 7	2 27 5 16 7 15	27 5 16 7 15 3
4 35 441 25 9 100 27 7	2 27 5 16 7 15	27 5 16 7 15 3
4 32 265 149 478 221 9 52 7	2 61 7 62 11 20 35 12 17	61 7 62 11 20 35 12 17 3
4 75 265 149 269 221 9 88 7	2 61 7 62 11 20 35 12 17	61 7 62 11 20 35 12 17 3
4 349 49 252 9 89 90 14 9 85 57 9 54 7	2 13 7 48 11 11 14 20 15 16 17 33	13 7 48 11 11 14 20 15 16 17 33 3
4 32 49 42 9 89 139 14 9 28 57 9 88 7	2 13 7 48 11 11 14 20 15 16 17 33	13 7 48 11 11 14 20 15 16 17 33 3
4 35 40 186 390 7	2 61 5 62 11 20	61 5 62 11 20 3
4 35 67 186 69 7	2 61 5 62 11 20	61 5 62 11 20 3
4 49 390 9 89 37 9 13 7	2 13 5 36 7 7 14 11 17	13 5 36 7 7 14 11 17 3
4 49 50 9 138 37 9 371 7	2 13 5 36 7 7 14 11 17	13 5 36 7 7 14 11 17 3
4 32 83 73 84 9 371 37 49 39 57 9 88 7	2 29 20 41 11 11 30 12 15 23 13 26 37 11 11 14 22 22 16 18 33	29 20 41 11 11 30 12 15 23 13 26 37 11 11 14 22 22 16 18 33 3
4 349 83 73 84 9 13 37 49 39 14 9 28 7	2 29 20 41 11 11 30 12 15 23 13 26 37 11 11 14 22 22 16 18 33	29 20 41 11 11 30 12 15 23 13 26 37 11 11 14 22 22 16 18 33 3
4 12 9 89 139 107 9 15 16 9 85 37 120 39 14 9 133 7	2 21 5 14 7 20 44 12 18 23 45 33 14 42 42 16 38 49	21 5 14 7 20 44 12 18 23 45 33 14 42 42 16 38 49 3
4 12 9 136 29 107 9 28 16 9 133 37 120 39 14 9 15 7	2 21 5 14 7 20 44 12 18 23 45 33 14 42 42 16 38 49	21 5 14 7 20 44 12 18 23 45 33 14 42 42 16 38 49 3
4 349 254 9 54 42 5 6 37 5 14 9 61 7	2 57 7 16 11 20 48 12 12 23 4 15 6 17 17 23 8 22 9 18 18 10 32 33	57 7 16 11 20 48 12 12 23 4 15 6 17 17 23 8 22 9 18 18 10 32 33 3
4 75 254 9 52 310 5 19 37 5 8 9 133 7	2 57 7 16 11 20 48 12 12 23 4 15 6 17 17 23 8 22 9 18 18 10 32 33	57 7 16 11 20 48 12 12 23 4 15 6 17 17 23 8 22 9 18 18 10 32 33 3
4 479 75 35 68 390 29 57 9 100 27 7	2 21 20 14 12 18	21 20 14 12 18 3
4 75 35 68 9 138 14 9 52 15 7	2 21 20 14 12 18	21 20 14 12 18 3
4 32 75 35 25 9 88 77 78 13 37 49 39 25 390 7	2 27 11 14 7 7 16 20 15 23 39 17 40 26 22 23 13 32 14 33 33 36 42 38	27 11 14 7 7 16 20 15 23 39 17 40 26 22 23 13 32 14 33 33 36 42 38 3
4 349 75 35 25 9 54 77 78 138 37 49 39 25 69 7	2 27 11 14 7 7 16 20 15 23 39 17 40 26 22 23 13 32 14 33 33 36 42 38	27 11 14 7 7 16 20 15 23 39 17 40 26 22 23 13 32 14 33 33 36 42 38 3
4 68 9 29 37 12 39 14 9 28 7	2 21 5 14 7 11 23 13 12 14 15 15 16 17 22	21 5 14 7 11 23 13 12 14 15 15 16 17 22 3
4 68 9 138 37 12 39 25 9 52 7	2 21 5 14 7 11 23 13 12 14 15 15 16 17 22	21 5 14 7 11 23 13 12 14 15 15 16 17 22 3
4 32 147 73 35 25 9 88 186 390 7	2 27 20 14 11 11 16 12 17	27 20 14 11 11 16 12 17 3
4 349 147 73 376 25 9 28 186 69 7	2 27 20 14 11 11 16 12 17	27 20 14 11 11 16 12 17 3
4 32 35 16 9 133 37 38 39 14 7	2 27 7 16 11 12 23 8 17 10 26 26 9 22 22	27 7 16 11 12 23 8 17 10 26 26 9 22 22 3
4 75 35 25 9 11 37 38 39 14 32 7	2 27 7 16 11 12 23 8 17 10 26 26 9 22 22	27 7 16 11 12 23 8 17 10 26 26 9 22 22 3
4 130 34 78 52 186 178 133 37 267 253 332 7	2 63 7 64 5 5 65 11 32	63 7 64 5 5 65 11 32 3
4 130 34 78 54 186 178 138 37 267 136 29 7	2 63 7 64 5 5 65 11 32	63 7 64 5 5 65 11 32 3
4 120 9 100 156 57 9 88 7	2 45 5 14 7 20 16 12 17	45 5 14 7 20 16 12 17 3
4 120 9 13 156 57 9 131 7	2 45 5 14 7 20 16 12 17	45 5 14 7 20 16 12 17 3
4 32 83 73 65 16 9 85 7	2 27 20 14 11 11 16 12 17	27 20 14 11 11 16 12 17 3
4 349 83 73 65 16 9 30 7	2 27 20 14 11 11 16 12 17	27 20 14 11 11 16 12 17 3
4 35 25 9 45 37 5 39 8 7	2 27 5 16 7 20 23 8 15 10 17 17 9 26 26	27 5 16 7 20 23 8 15 10 17 17 9 26 26 3
4 35 25 9 133 37 5 39 14 7	2 27 5 16 7 20 23 8 15 10 17 17 9 26 26	27 5 16 7 20 23 8 15 10 17 17 9 26 26 3
4 265 69 42 7	2 61 5 62 7 7 48 11 11	61 5 62 7 7 48 11 11 3
4 265 69 310 7	2 61 5 62 7 7 48 11 11	61 5 62 7 7 48 11 11 3
4 378 9 138 57 9 133 7	2 46 5 14 7 11 16 20 15	46 5 14 7 11 16 20 15 3
4 378 9 13 57 9 131 7	2 46 5 14 7 11 16 20 15	46 5 14 7 11 16 20 15 3
4 258 9 71 16 9 127 95 9 52 7	2 13 5 14 7 11 16 20 22	13 5 14 7 11 16 20 22 3
4 258 9 29 16 9 100 95 9 88 7	2 13 5 14 7 11 16 20 22	13 5 14 7 11 16 20 22 3
4 349 75 120 9 103 14 9 131 37 139 39 7	2 45 11 14 20 12 16 15 26 23 29 18 30 32 32	45 11 14 20 12 16 15 26 23 29 18 30 32 32 3
4 32 75 120 9 13 14 9 15 37 139 39 7	2 45 11 14 20 12 16 15 26 23 29 18 30 32 32	45 11 14 20 12 16 15 26 23 29 18 30 32 32 3
4 49 480 9 138 16 9 133 95 9 52 7	2 13 5 48 7 7 14 11 20 16 12 18	13 5 48 7 7 14 11 20 16 12 18 3
4 49 252 9 89 16 9 30 95 9 88 7	2 13 5 48 7 7 14 11 20 16 12 18	13 5 48 7 7 14 11 20 16 12 18 3
4 32 120 9 156 14 9 45 57 9 52 27 7	2 45 7 14 11 20 16 12 32	45 7 14 11 20 16 12 32 3
4 12 9 138 107 9 133 37 120 39 14 9 155 156 7	2 21 5 14 7 11 44 20 15 23 45 26 14 22 22 16 18 42	21 5 14 7 11 44 20 15 23 45 26 14 22 22 16 18 42 3
4 12 9 103 107 9 85 37 120 39 14 9 30 15 7	2 21 5 14 7 11 44 20 15 23 45 26 14 22 22 16 18 42	21 5 14 7 11 44 20 15 23 45 26 14 22 22 16 18 42 3
4 49 69 9 103 7	2 13 5 36 7 7 14 11 20	13 5 36 7 7 14 11 20 3
4 12 9 155 156 107 9 45 16 9 133 37 120 39 57 9 133 7	2 21 5 14 7 20 44 12 18 23 45 33 14 42 42 16 38 49	21 5 14 7 20 44 12 18 23 45 33 14 42 42 16 38 49 3
4 12 9 109 85 107 9 15 16 9 135 37 120 39 57 9 15 7	2 21 5 14 7 20 44 12 18 23 45 33 14 42 42 16 38 49	21 5 14 7 20 44 12 18 23 45 33 14 42 42 16 38 49 3
4 349 75 147 73 35 25 9 88 37 5 14 9 136 29 7	2 27 12 14 20 20 16 15 26 23 8 18 9 32 32 10 33 38	27 12 14 20 20 16 15 26 23 8 18 9 32 32 10 33 38 3
4 32 75 147 73 35 25 9 54 37 5 14 9 81 82 7	2 27 12 14 20 20 16 15 26 23 8 18 9 32 32 10 33 38	27 12 14 20 20 16 15 26 23 8 18 9 32 32 10 33 38 3
4 9 138 34 57 9 52 7	2 24 11 14 5 7 25 20 15	24 11 14 5 7 25 20 15 3
4 9 29 34 57 9 88 7	2 24 11 14 5 7 25 20 15	24 11 14 5 7 25 20 15 3
4 32 12 144 138 107 9 52 133 7	2 21 7 14 11 20 44 12 26	21 7 14 11 20 44 12 26 3
4 75 12 144 89 107 9 334 15 7	2 21 7 14 11 20 44 12 26	21 7 14 11 20 44 12 26 3
4 43 44 9 30 62 98 14 32 7	2 29 5 30 11 20 31 12 17	29 5 30 11 20 31 12 17 3
4 43 44 9 11 62 98 8 32 7	2 29 5 30 11 20 31 12 17	29 5 30 11 20 31 12 17 3
4 32 147 73 5 9 438 133 14 7	2 8 20 37 11 11 10 12 17 9 26 26	8 20 37 11 11 10 12 17 9 26 26 3
4 75 147 73 5 9 438 396 8 7	2 8 20 37 11 11 10 12 17 9 26 26	8 20 37 11 11 10 12 17 9 26 26 3
4 32 151 9 97 14 9 133 37 84 39 7	2 21 7 14 11 17 23 29 22 30 18 18	21 7 14 11 17 23 29 22 30 18 18 3
4 349 151 9 103 14 9 392 37 84 39 7	2 21 7 14 11 17 23 29 22 30 18 18	21 7 14 11 17 23 29 22 30 18 18 3
4 35 25 9 52 37 379 9 97 163 9 133 7	2 27 5 16 7 20 23 69 15 70 17 32	27 5 16 7 20 23 69 15 70 17 32 3
4 35 25 9 54 37 379 9 29 163 9 124 7	2 27 5 16 7 20 23 69 15 70 17 32	27 5 16 7 20 23 69 15 70 17 32 3
4 349 151 9 29 14 9 334 15 57 9 88 7	2 21 7 14 11 32	21 7 14 11 32 3
4 77 9 129 95 108 57 9 88 7	2 39 5 40 7 12 30 15 26	39 5 40 7 12 30 15 26 3
4 77 9 18 95 17 57 9 52 7	2 39 5 40 7 12 30 15 26	39 5 40 7 12 30 15 26 3
4 35 25 9 88 37 12 9 85 16 9 13 14 9 334 7	2 27 5 16 7 20 23 21 15 14 17 38	27 5 16 7 20 23 21 15 14 17 38 3
4 35 25 9 52 37 12 9 138 16 9 371 14 9 133 7	2 27 5 16 7 20 23 21 15 14 17 38	27 5 16 7 20 23 21 15 14 17 38 3
4 349 75 120 170 9 138 7	2 45 11 51 20 20 14 12 15	45 11 51 20 20 14 12 15 3
4 75 32 120 170 9 18 7	2 45 11 51 20 20 14 12 15	45 11 51 20 20 14 12 15 3
4 9 13 112 113 14 9 85 14 9 19 95 78 18 95 17 7	2 24 20 14 5 7 25 12 34	24 20 14 5 7 25 12 34 3
4 9 138 112 113 14 9 133 14 9 6 95 78 114 95 481 7	2 24 20 14 5 7 25 12 34	24 20 14 5 7 25 12 34 3
4 101 57 9 52 102 9 138 7	2 39 5 30 7 20 40 12 17	39 5 30 7 20 40 12 17 3
4 75 12 9 138 107 9 52 15 37 120 39 57 9 133 7	2 21 7 14 11 20 44 12 26 23 45 18 14 32 32 16 33 38	21 7 14 11 20 44 12 26 23 45 18 14 32 32 16 33 38 3
4 32 49 42 9 103 163 9 15 57 9 52 7	2 13 7 48 11 11 14 20 12 16 15 32	13 7 48 11 11 14 20 12 16 15 32 3
4 75 49 310 9 18 163 9 133 57 9 52 7	2 13 7 48 11 11 14 20 12 16 15 32	13 7 48 11 11 14 20 12 16 15 32 3
4 65 25 9 85 14 9 19 51 95 9 100 7	2 27 5 16 7 32	27 5 16 7 32 3
4 65 25 9 15 14 9 6 51 95 9 133 7	2 27 5 16 7 32	27 5 16 7 32 3
4 32 147 73 66 9 55 7	2 54 20 37 11 11 56 12 15	54 20 37 11 11 56 12 15 3
4 75 147 73 66 9 129 7	2 54 20 37 11 11 56 12 15	54 20 37 11 11 56 12 15 3
4 349 147 73 49 9 109 85 107 9 88 15 7	2 13 20 37 11 11 14 12 17 44 26 32	13 20 37 11 11 14 12 17 44 26 32 3
4 75 147 73 49 9 438 396 107 9 26 27 7	2 13 20 37 11 11 14 12 17 44 26 32	13 20 37 11 11 14 12 17 44 26 32 3
4 83 73 32 5 67 7	2 4 20 14 7 7 6 12 12	4 20 14 7 7 6 12 12 3
4 83 73 32 5 64 7	2 4 20 14 7 7 6 12 12	4 20 14 7 7 6 12 12 3
